FrameNo,head_x,head_y,head_z,left_shoulder_x,left_shoulder_y,left_shoulder_z,left_elbow_x,left_elbow_y,left_elbow_z,right_shoulder_x,right_shoulder_y,right_shoulder_z,right_elbow_x,right_elbow_y,right_elbow_z,left_hand_x,left_hand_y,left_hand_z,right_hand_x,right_hand_y,right_hand_z,left_hip_x,left_hip_y,left_hip_z,right_hip_x,right_hip_y,right_hip_z,left_knee_x,left_knee_y,left_knee_z,right_knee_x,right_knee_y,right_knee_z,left_foot_x,left_foot_y,left_foot_z,right_foot_x,right_foot_y,right_foot_z,running_video
0,0.5085154175758362,0.2757235765457153,-0.212641492486,0.5419897437095642,0.3477182388305664,-0.0574993677437305,0.5486598610877991,0.4390531182289123,-0.0251042619347572,0.4756169319152832,0.3467100858688354,-0.0566329956054687,0.4653900265693664,0.4453555941581726,-0.029443034902215,0.547232985496521,0.5231326222419739,-0.1093374565243721,0.4759181439876556,0.5245166420936584,-0.1027556657791137,0.5332323312759399,0.5238067507743835,0.0004070355498697,0.4928878247737884,0.5258734226226807,-0.0004299576394259,0.542974591255188,0.6601414084434509,-0.0063481475226581,0.4880532920360565,0.6640951633453369,-0.0117800049483776,0.5506665110588074,0.7940717935562134,0.0830857753753662,0.4790266454219818,0.7946054935455322,0.0825172960758209,0
1,0.508435070514679,0.2757173180580139,-0.21200792491436,0.5419896245002747,0.3475001156330108,-0.0531683005392551,0.5492823123931885,0.4390420019626617,-0.0201506745070219,0.4755484461784363,0.3467445373535156,-0.0602965764701366,0.4654381573200226,0.4456986486911773,-0.038195926696062,0.5472317337989807,0.5231308937072754,-0.1055924445390701,0.4758888185024261,0.5254129767417908,-0.1137315779924392,0.5332548022270203,0.5240142941474915,0.0020860820077359,0.4931174516677856,0.5264481902122498,-0.0021122719626873,0.5429763793945312,0.6615875959396362,-0.0083494503051042,0.4880141615867615,0.665804922580719,-0.0151861337944865,0.5506696701049805,0.7944654226303101,0.079930692911148,0.4788578748703003,0.7958723902702332,0.075802557170391,0
2,0.5084410905838013,0.275761604309082,-0.2210233211517334,0.5420656800270081,0.3475026786327362,-0.0576541647315025,0.5493330359458923,0.4388417303562164,-0.0212280061095953,0.4755522906780243,0.3466781079769134,-0.0678818449378013,0.4657565355300903,0.4457038342952728,-0.0425699464976787,0.5471316576004028,0.5235041975975037,-0.1071087419986724,0.475926786661148,0.5254426002502441,-0.116077184677124,0.5332233309745789,0.5239934921264648,0.0026976771187037,0.493157297372818,0.5264261960983276,-0.0027363749686628,0.5424547791481018,0.6622374653816223,-0.0148498732596635,0.4879797995090484,0.6667705774307251,-0.0171778853982687,0.5507262349128723,0.7944304347038269,0.0801174789667129,0.4788003265857696,0.7970170974731445,0.0768038481473922,0
3,0.5082568526268005,0.2755672633647918,-0.2261545062065124,0.5420723557472229,0.3474518358707428,-0.0581376403570175,0.5493518710136414,0.4381990730762481,-0.0204480104148387,0.4754370748996734,0.3466781675815582,-0.075648583471775,0.4657563865184784,0.4457823634147644,-0.0503218546509742,0.5470192432403564,0.523503839969635,-0.1045560985803604,0.4759546518325805,0.5256743431091309,-0.1219510063529014,0.5332232713699341,0.5235956311225891,0.0048255966976284,0.4931895434856415,0.526422381401062,-0.0048725367523729,0.5423710942268372,0.6622231006622314,-0.009407727047801,0.4879535734653473,0.6674295663833618,-0.0175212826579809,0.550751805305481,0.7943564057350159,0.0810251384973526,0.4787301123142242,0.7985936403274536,0.0752122104167938,0
4,0.5084534287452698,0.2753224372863769,-0.2442462891340255,0.5420612692832947,0.3474588096141815,-0.0712974816560745,0.5493625402450562,0.4381867051124573,-0.0304024014621973,0.4754253625869751,0.3464690148830414,-0.0883755311369896,0.4657512903213501,0.4458876848220825,-0.0609887428581714,0.5465734601020813,0.5237205028533936,-0.115638367831707,0.4760730564594269,0.5257619619369507,-0.1325148195028305,0.5331501364707947,0.5232880711555481,0.0052117533050477,0.4932660758495331,0.5264087319374084,-0.0052696540951728,0.5422837138175964,0.6622148156166077,-0.009025071747601,0.4880474507808685,0.6674836277961731,-0.0172894224524498,0.5507602095603943,0.7942796945571899,0.0892790555953979,0.4787357747554779,0.7986400127410889,0.0797705501317977,0
5,0.50850510597229,0.2750920355319977,-0.2412919700145721,0.5420543551445007,0.3474581241607666,-0.06986965239048,0.5494553446769714,0.4381583034992218,-0.0295721478760242,0.4754059910774231,0.3464870452880859,-0.0869010463356971,0.4657516479492187,0.4458919167518616,-0.0596418417990207,0.5464285016059875,0.5237436294555664,-0.1148924082517623,0.476182073354721,0.5256685018539429,-0.1311832517385482,0.5331483483314514,0.5232967734336853,0.005473964381963,0.4933215975761413,0.5265917778015137,-0.0055351094342768,0.5420135259628296,0.6627757549285889,-0.0078302528709173,0.4880423545837402,0.6690232157707214,-0.0171375200152397,0.5507684350013733,0.794245183467865,0.094632588326931,0.4787126779556274,0.7991519570350647,0.0836204141378402,0
6,0.508569061756134,0.2749703526496887,-0.221885398030281,0.5420659780502319,0.3474476635456085,-0.0544785857200622,0.5498079061508179,0.4380196928977966,-0.0183267593383789,0.4754055738449096,0.3464666604995727,-0.0722295716404914,0.4658041596412658,0.4458838999271393,-0.0522558540105819,0.546401858329773,0.5237495303153992,-0.1052197739481926,0.4764918088912964,0.5255571603775024,-0.1284981817007064,0.5331547856330872,0.5237658619880676,0.0054131583310663,0.4933304190635681,0.5269247889518738,-0.0054696062579751,0.5420163869857788,0.6628345251083374,-0.0082552349194884,0.4880264401435852,0.6691516637802124,-0.0175541620701551,0.550771176815033,0.7944030165672302,0.0936734229326248,0.4786950051784515,0.7996731400489807,0.0824701339006424,0
7,0.508733332157135,0.2749610841274261,-0.2228933721780777,0.5420665740966797,0.3474483489990234,-0.0559538230299949,0.5498349070549011,0.4380132257938385,-0.0192252434790134,0.4753250181674957,0.3466768264770508,-0.0728538930416107,0.4658324420452118,0.4458914697170257,-0.0535192415118217,0.5463817119598389,0.5238772034645081,-0.1058699861168861,0.4770706593990326,0.525015652179718,-0.1332075446844101,0.5332688093185425,0.523901641368866,0.0055057285353541,0.4933796525001526,0.5272173881530762,-0.0055570737458765,0.5420118570327759,0.6634783744812012,-0.0061759008094668,0.4880025088787079,0.6692134737968445,-0.0174365118145942,0.5507726073265076,0.7947138547897339,0.0945796594023704,0.4786702692508697,0.7998266220092773,0.0828881040215492,0
8,0.508794903755188,0.274954080581665,-0.2185007780790329,0.5420733690261841,0.3474548161029815,-0.0533098392188549,0.550030529499054,0.4380414187908172,-0.0194150917232036,0.4753654897212982,0.3466776907444,-0.0662434473633766,0.4659110605716705,0.4456551074981689,-0.0488279424607753,0.5463707447052002,0.5239079594612122,-0.1064608469605445,0.4772891700267792,0.5235301852226257,-0.1313069611787796,0.5333181619644165,0.5239359736442566,0.0053537883795797,0.4935528039932251,0.5272241234779358,-0.0054013789631426,0.5420122146606445,0.6638930439949036,-0.0109257688745856,0.4880311191082001,0.6692060828208923,-0.0179309844970703,0.5507774353027344,0.7949285507202148,0.0869889333844184,0.4785662591457367,0.7998871803283691,0.0815315097570419,0
9,0.5087392926216125,0.2749473452568054,-0.2214297950267791,0.5420418381690979,0.3474782109260559,-0.0572432950139045,0.5503458380699158,0.4382765889167785,-0.0217973478138446,0.4752678573131561,0.3467629849910736,-0.0675467699766159,0.4659419059753418,0.4456426501274109,-0.0480088517069816,0.546343207359314,0.5239158868789673,-0.1084215641021728,0.4774524569511413,0.5231456160545349,-0.1265530288219452,0.533323347568512,0.5237085819244385,0.0048136245459318,0.4936291575431824,0.5270507335662842,-0.0048623112961649,0.5419583916664124,0.6638801693916321,-0.0108272908255457,0.4880304932594299,0.6689751744270325,-0.0172093696892261,0.5507918000221252,0.7948747873306274,0.085139162838459,0.4784612655639648,0.7997598052024841,0.0805154740810394,0
10,0.5086629390716553,0.2748662531375885,-0.2256730645895004,0.5420323610305786,0.3474859595298767,-0.0607659853994846,0.5502222180366516,0.4382591545581817,-0.0258820708841085,0.4752604067325592,0.3465013206005096,-0.0685046464204788,0.4659440219402313,0.4455606341361999,-0.0469436757266521,0.5463238954544067,0.5239241123199463,-0.1144418567419052,0.4774855077266693,0.5230986475944519,-0.1228004917502403,0.5333078503608704,0.5236653089523315,0.0043122922070324,0.4936366379261017,0.5269814133644104,-0.0043598338961601,0.5419551730155945,0.6638927459716797,-0.0133480811491608,0.4880366921424866,0.6689777970314026,-0.0168519280850887,0.5508081912994385,0.7948668599128723,0.0834797397255897,0.4785435497760772,0.7998173832893372,0.0819178521633148,0
11,0.5086813569068909,0.2748362421989441,-0.2241656333208084,0.5420508980751038,0.3475186824798584,-0.0595900788903236,0.5502259731292725,0.4381705224514007,-0.0251300577074289,0.475257396697998,0.3465006649494171,-0.06909641623497,0.4659470915794372,0.4455321133136749,-0.0483574047684669,0.5463097095489502,0.5242226719856262,-0.1123303323984146,0.4775223433971405,0.5232110023498535,-0.1261375546455383,0.5332796573638916,0.5238977074623108,0.0044195749796926,0.4935712516307831,0.5270607471466064,-0.0044650579802691,0.5419526696205139,0.6637545824050903,-0.0084577752277255,0.4879880547523498,0.6690033078193665,-0.0167103596031665,0.5507878661155701,0.7948446273803711,0.0876569375395774,0.4785776734352112,0.7998259663581848,0.0819037854671478,0
12,0.508492112159729,0.2750619351863861,-0.2218880504369735,0.5420511960983276,0.3474315106868744,-0.0576394274830818,0.5501607656478882,0.4378307461738586,-0.025041539222002,0.4752881824970245,0.3464533388614654,-0.066394992172718,0.4658976793289184,0.4454897344112396,-0.0458308197557926,0.5463390350341797,0.5229254961013794,-0.1123025268316268,0.4775428175926208,0.5231974124908447,-0.1249668225646019,0.5331438183784485,0.5231998562812805,0.0041143945418298,0.4935322105884552,0.5267166495323181,-0.00415451079607,0.5419209003448486,0.663576602935791,-0.0094916392117738,0.4878497421741485,0.6686128377914429,-0.016669750213623,0.5508171916007996,0.7948368191719055,0.0805859640240669,0.4785012304782867,0.7998884320259094,0.0790624618530273,0
13,0.5084784030914307,0.2748579382896423,-0.2224867790937423,0.5420621633529663,0.3476577401161194,-0.0567006021738052,0.5501604676246643,0.4378270804882049,-0.0215214248746633,0.4753242135047912,0.3464543521404266,-0.0699502006173133,0.4658726453781128,0.4455120861530304,-0.0459259860217571,0.5463588833808899,0.5224946737289429,-0.107432872056961,0.4773687124252319,0.5235176086425781,-0.1210054978728294,0.5329496264457703,0.5226594805717468,0.0048851459287106,0.4934785068035126,0.5261780619621277,-0.0049196099862456,0.5418962836265564,0.6635676026344299,-0.0095645086839795,0.4878495931625366,0.6684601902961731,-0.0186244491487741,0.5509392023086548,0.7948275804519653,0.0788777321577072,0.4784207642078399,0.7998600006103516,0.0740065723657608,0
14,0.5084517598152161,0.2747866809368133,-0.2212592810392379,0.5420729517936707,0.3473577499389648,-0.0514336936175823,0.5504284501075745,0.4373578429222107,-0.015516641549766,0.4753926992416382,0.3464459776878357,-0.0708172470331192,0.4659178853034973,0.4455450773239136,-0.0484716929495334,0.5465694069862366,0.522523820400238,-0.1020830646157264,0.4773332178592682,0.5237544178962708,-0.1230351775884628,0.5329024195671082,0.5223197937011719,0.0069183260202407,0.4934740960597992,0.5257367491722107,-0.0069579635746777,0.5421597957611084,0.6634538769721985,-0.0117012979462742,0.4880934357643127,0.6678552627563477,-0.0229835882782936,0.5509404540061951,0.7952183485031128,0.0713572576642036,0.4784167408943176,0.7997286915779114,0.06667011231184,0
15,0.5084497928619385,0.2749477624893188,-0.2273073494434356,0.542070746421814,0.3476860523223877,-0.0539305880665779,0.5504295825958252,0.4377559125423431,-0.0158611517399549,0.4754458963871002,0.3464440107345581,-0.0756479501724243,0.4659378826618194,0.4455629885196686,-0.0501639693975448,0.5466490387916565,0.5226814150810242,-0.1031423509120941,0.4771385490894317,0.5240513682365417,-0.123101957142353,0.5327776074409485,0.5221927165985107,0.0073280720971524,0.4934247434139251,0.5255477428436279,-0.0073673794977366,0.5422231554985046,0.6631627678871155,-0.0088491942733526,0.4881379008293152,0.6677510142326355,-0.0224109329283237,0.5509706735610962,0.7949231266975403,0.0757192894816398,0.4784145057201385,0.7995284795761108,0.0688607692718505,0
16,0.5084772706031799,0.2747571468353271,-0.2228405773639679,0.5420705080032349,0.3473576307296753,-0.051149446517229,0.5504379868507385,0.4375743865966797,-0.0132342912256717,0.4754723608493805,0.3464271128177643,-0.0754357799887657,0.4659382998943329,0.445639044046402,-0.0499754883348941,0.546675980091095,0.5228624939918518,-0.0979781597852706,0.4771097302436828,0.5241230726242065,-0.1198937445878982,0.5327093005180359,0.5218714475631714,0.0077462373301386,0.4933637976646423,0.5253134965896606,-0.0077850236557424,0.5422211289405823,0.6627475619316101,-0.0103003494441509,0.4882257580757141,0.6674405932426453,-0.0237873829901218,0.5509740114212036,0.794951319694519,0.0719309374690055,0.4783515632152557,0.7991350293159485,0.0647609010338783,0
17,0.508482813835144,0.2747516632080078,-0.2111700177192688,0.5420597791671753,0.3473675847053528,-0.0398998260498046,0.5503124594688416,0.4375663697719574,-0.0040440899319946,0.4755278825759887,0.3464291393756866,-0.0641379058361053,0.465981662273407,0.4456392824649811,-0.040005937218666,0.5466815233230591,0.522875189781189,-0.0915389582514762,0.4769882261753082,0.5241873860359192,-0.1119238883256912,0.5327017307281494,0.5218291878700256,0.0079087810590863,0.4933824241161346,0.525153636932373,-0.0079414853826165,0.5422874093055725,0.6627580523490906,-0.014651165343821,0.4883036613464355,0.6672455668449402,-0.0264921654015779,0.5509808659553528,0.7950892448425293,0.0720117092132568,0.4783647954463959,0.7991287708282471,0.0644797012209892,0
18,0.508478581905365,0.2748518586158752,-0.2178379148244857,0.5421115159988403,0.3476300239562988,-0.0475931018590927,0.5503280758857727,0.4379285871982574,-0.009016228839755,0.475539892911911,0.3464292883872986,-0.0672692731022834,0.4660205543041229,0.4457078874111175,-0.0408188141882419,0.5468385815620422,0.5228872895240784,-0.0931997820734977,0.4766094386577606,0.5247383117675781,-0.1131549254059791,0.5326921939849854,0.5218291282653809,0.0073663974180817,0.4933734834194183,0.5251438021659851,-0.0074001853354275,0.5422893762588501,0.6627521514892578,-0.0117801129817962,0.4882837533950805,0.6673069596290588,-0.0224690847098827,0.5510605573654175,0.7950751781463623,0.0759366378188133,0.4783192574977875,0.7991573214530945,0.0706251859664917,0
19,0.5084588527679443,0.2748435735702514,-0.2272630035877227,0.5420451760292053,0.3476368188858032,-0.0542849227786064,0.5503676533699036,0.4379278719425201,-0.0126525508239865,0.4755167067050934,0.3464325964450836,-0.0766409561038017,0.4658302068710327,0.4458011388778686,-0.0501245334744453,0.5468934178352356,0.5229224562644958,-0.0942829027771949,0.4765313863754272,0.5252271294593811,-0.1209143102169036,0.5327762961387634,0.5215465426445007,0.0073616970330476,0.4935815632343292,0.525079607963562,-0.0073974253609776,0.5423251986503601,0.6627349257469177,-0.0130958352237939,0.4883873164653778,0.667153000831604,-0.0223917495459318,0.5510472059249878,0.7962290644645691,0.0730709806084632,0.478364884853363,0.7982945442199707,0.0706060752272605,0
20,0.5084072947502136,0.2748574018478393,-0.242741048336029,0.5421121716499329,0.3476809859275818,-0.0751748457551002,0.5503820180892944,0.4381713569164276,-0.0327000841498374,0.475519597530365,0.3466717898845672,-0.0879283398389816,0.4657723009586334,0.4462870061397552,-0.057609636336565,0.5469935536384583,0.5229371786117554,-0.1105311140418052,0.4763283729553222,0.5257506966590881,-0.1260065734386444,0.5327995419502258,0.5215132236480713,0.0044763693585991,0.49359330534935,0.5247859954833984,-0.004523261450231,0.542116105556488,0.6628934741020203,-0.0160852149128913,0.4883780181407928,0.6666215658187866,-0.018934927880764,0.5510721206665039,0.795921802520752,0.0686037242412567,0.4783739149570465,0.7981265187263489,0.070595383644104,0
21,0.5084390044212341,0.2748578488826751,-0.2425358742475509,0.5421544313430786,0.3477979004383087,-0.0733446553349495,0.5503861904144287,0.4382847249507904,-0.0322571210563182,0.4755072891712188,0.3466701507568359,-0.0891743376851081,0.4657167196273803,0.4465948343276977,-0.0611311756074428,0.547040581703186,0.5230740308761597,-0.1133982762694358,0.4761499166488647,0.526409387588501,-0.1308636218309402,0.532785177230835,0.5218073129653931,0.0043185600079596,0.4935653805732727,0.525101363658905,-0.004367456305772,0.5420863032341003,0.6628997325897217,-0.0159551799297332,0.488379567861557,0.6669719219207764,-0.0172589067369699,0.5510810017585754,0.7958967685699463,0.0741090029478073,0.4783744215965271,0.7985068559646606,0.0756468772888183,0
22,0.5083819031715393,0.2748647928237915,-0.2375603169202804,0.5421485900878906,0.3477682471275329,-0.0653816387057304,0.5503568649291992,0.4377498626708984,-0.0247081741690635,0.475502461194992,0.346620112657547,-0.0836037322878837,0.4656881392002105,0.4464201033115387,-0.0557068213820457,0.5470414757728577,0.5231500267982483,-0.1072826758027076,0.4760104417800903,0.5264081358909607,-0.124674767255783,0.5327796339988708,0.5218334197998047,0.005452839192003,0.4935575425624847,0.5251044631004333,-0.0055026062764227,0.5422226786613464,0.6631564497947693,-0.0129913026466965,0.4883893132209778,0.6671949028968811,-0.0188799835741519,0.5510737895965576,0.7957278490066528,0.0786021500825882,0.4783453643321991,0.798514723777771,0.0754779651761055,0
23,0.5083635449409485,0.2748279869556427,-0.2280877083539962,0.5421759486198425,0.3476644158363342,-0.0600001476705074,0.5504596829414368,0.4376792907714844,-0.021573232486844,0.4754860699176788,0.3465843498706817,-0.0755874142050743,0.4656478762626648,0.4463792443275451,-0.0478336736559867,0.547110378742218,0.5231671929359436,-0.1046161577105522,0.4759655892848968,0.526407778263092,-0.1177828088402748,0.5327223539352417,0.5218528509140015,0.005420918110758,0.493483692407608,0.5251012444496155,-0.0054687932133674,0.5421998500823975,0.6632184386253357,-0.0126704070717096,0.488316923379898,0.6673206686973572,-0.0189366582781076,0.5511440634727478,0.7956666946411133,0.0782910957932472,0.4782958030700683,0.7986457347869873,0.0749466568231582,0
24,0.5079960227012634,0.27473846077919,-0.2077175080776214,0.5423625707626343,0.3469415009021759,-0.0441762059926986,0.5504488348960876,0.4372020065784454,-0.0124005647376179,0.4754976630210876,0.3464024066925049,-0.0574639439582824,0.4653539955615997,0.4462906122207641,-0.0375042781233787,0.5470749735832214,0.5232500433921814,-0.1008244901895523,0.4758653044700622,0.5255981087684631,-0.1166420876979827,0.5327290892601013,0.5219255089759827,0.0053829564712941,0.493480235338211,0.5251060724258423,-0.0054272999987006,0.5422428846359253,0.6630111932754517,-0.0143764186650514,0.4883709251880646,0.6672646403312683,-0.0202369019389152,0.5511303544044495,0.7956866025924683,0.0749971941113472,0.4782939553260803,0.7985682487487793,0.0734704956412315,0
25,0.5080736875534058,0.2747403979301452,-0.209200918674469,0.5423465371131897,0.3468941152095794,-0.047168843448162,0.5504782199859619,0.4368927180767059,-0.0139019843190908,0.4754534959793091,0.3463737070560455,-0.0604301169514656,0.4653659760951996,0.4458034634590149,-0.0370815582573413,0.5471544861793518,0.523120105266571,-0.1021227836608886,0.4758558869361877,0.5255856513977051,-0.1108673438429832,0.532732367515564,0.5220761299133301,0.0048635061830282,0.4934820532798767,0.5251636505126953,-0.0049035158008337,0.5422257781028748,0.6629613637924194,-0.0170327834784984,0.4882424473762512,0.6672868728637695,-0.0200182031840086,0.5511196255683899,0.7965670228004456,0.0711243897676467,0.4782799780368805,0.7984920740127563,0.073951706290245,0
26,0.5078467726707458,0.2746532559394836,-0.209949254989624,0.5423821210861206,0.346221923828125,-0.0515218824148178,0.5506901144981384,0.4363291263580322,-0.0185710191726684,0.475439965724945,0.3463701009750366,-0.062866598367691,0.4652346968650818,0.4453594982624054,-0.0372342392802238,0.5471401810646057,0.522584855556488,-0.1070581525564193,0.4756428003311157,0.5255255699157715,-0.1101791337132453,0.532721221446991,0.5219688415527344,0.0041975239291787,0.4933699667453766,0.5250208973884583,-0.0042392099276185,0.542193591594696,0.6619897484779358,-0.0171386115252971,0.4880586564540863,0.6675576567649841,-0.0189661309123039,0.5511971712112427,0.7962075471878052,0.0709262266755104,0.4782722890377044,0.7984713912010193,0.0752117782831192,0
27,0.5078364014625549,0.2743542790412903,-0.1969999372959137,0.5424217581748962,0.3458441495895386,-0.0362338460981845,0.5507125854492188,0.436263769865036,-0.0078160837292671,0.4754282832145691,0.346375972032547,-0.0511907152831554,0.4651666581630707,0.4448549151420593,-0.0324665196239948,0.5471643805503845,0.522631824016571,-0.0995780751109123,0.475593090057373,0.5253203511238098,-0.1095729321241378,0.5328104496002197,0.5220467448234558,0.0051854769699275,0.4933988153934479,0.5250198841094971,-0.0052170953713357,0.5422155857086182,0.6622397899627686,-0.0184952784329652,0.4882644712924957,0.6675502061843872,-0.0235144272446632,0.5511900782585144,0.7961981296539307,0.0737258642911911,0.4782688021659851,0.797910749912262,0.0749425515532493,0
28,0.5077593922615051,0.2746038734912872,-0.2212245762348175,0.5424803495407104,0.3460067510604858,-0.058316521346569,0.5507796406745911,0.4362254738807678,-0.0215512234717607,0.4754137694835663,0.3463758826255798,-0.0639296397566795,0.465216726064682,0.4446126222610473,-0.0328172482550144,0.5473352074623108,0.522607147693634,-0.1088238731026649,0.4747530221939087,0.5256049633026123,-0.110166534781456,0.5328664183616638,0.5218468904495239,0.0035998478997498,0.4934226274490356,0.5244333744049072,-0.0036487325560301,0.5421727299690247,0.6621568202972412,-0.0198586490005254,0.488354355096817,0.6668300628662109,-0.02170330286026,0.5511976480484009,0.7960265874862671,0.067829705774784,0.4782632887363434,0.7978630661964417,0.0745183378458023,0
29,0.5076099038124084,0.274611622095108,-0.2474133223295211,0.5425832867622375,0.3459126949310303,-0.0811561793088913,0.5527652502059937,0.4362092614173889,-0.038406565785408,0.4753293097019195,0.346377819776535,-0.0846986249089241,0.4651322662830353,0.444526731967926,-0.0481556914746761,0.5502521991729736,0.5227559208869934,-0.1204060316085815,0.4731630682945251,0.5264297127723694,-0.1182360351085662,0.5335263609886169,0.5206443667411804,0.0024433047510683,0.4934229254722595,0.5235186815261841,-0.0025186773855239,0.5421291589736938,0.6617186069488525,-0.0198515057563781,0.4883934259414673,0.665581226348877,-0.0191361717879772,0.5512101650238037,0.795758843421936,0.0684343203902244,0.4782362878322601,0.7977078557014465,0.0748824775218963,0
30,0.5076330900192261,0.2746295928955078,-0.2498680204153061,0.5425935387611389,0.3458937406539917,-0.0850169360637664,0.5542479753494263,0.4362236857414245,-0.037644762545824,0.4753235578536987,0.3463790118694305,-0.0936505496501922,0.4652445018291473,0.4447853863239288,-0.0574053600430488,0.5552222728729248,0.5232673287391663,-0.1181083396077156,0.4701393544673919,0.5280797481536865,-0.1235904619097709,0.5334879755973816,0.5206533074378967,0.0021109932567924,0.493314266204834,0.5233933329582214,-0.0022008942905813,0.5415578484535217,0.6612661480903625,-0.0197681952267885,0.4884016215801239,0.6649744510650635,-0.0184013154357671,0.5512304306030273,0.7957494854927063,0.0672069489955902,0.4781889319419861,0.7970175743103027,0.0744173303246498,0
31,0.5074436068534851,0.2751545310020447,-0.2493047416210174,0.5425996780395508,0.344844251871109,-0.0741377547383308,0.5551478266716003,0.4348593354225158,-0.0249114762991666,0.4754213094711303,0.3462768495082855,-0.0836011692881584,0.4650572538375854,0.4407498836517334,-0.0445018745958805,0.5597302913665771,0.5197994112968445,-0.1054139509797096,0.4648371338844299,0.5224388837814331,-0.1145757809281349,0.5332136750221252,0.5203770995140076,0.0021749238949269,0.4932743012905121,0.5232779383659363,-0.0022703798022121,0.541348397731781,0.6620018482208252,-0.0202540624886751,0.4883431196212768,0.666178286075592,-0.0246958509087562,0.5512346625328064,0.7970894575119019,0.0671452730894088,0.4781839549541473,0.7970246076583862,0.0717231780290603,0
32,0.50758957862854,0.275469422340393,-0.2437934577465057,0.5423710346221924,0.3441148400306701,-0.0728023126721382,0.5568603873252869,0.4278425574302673,-0.0270741172134876,0.475339263677597,0.3462876975536346,-0.0737601444125175,0.4630460441112518,0.4367207884788513,-0.0294236429035663,0.5655629634857178,0.5070623755455017,-0.1102448254823684,0.4581901133060455,0.5142865777015686,-0.1016087532043457,0.5330501794815063,0.5199124217033386,0.0003883881145156,0.4932934641838074,0.523273766040802,-0.0004666683380492,0.5413194894790649,0.6609238386154175,-0.0275570098310709,0.4882736504077911,0.666208803653717,-0.024069482460618,0.5513341426849365,0.7965957522392273,0.0477121286094188,0.4781800210475921,0.7975193858146667,0.0589758194983005,0
33,0.507595419883728,0.2761593461036682,-0.2187827378511428,0.5423262119293213,0.3421821892261505,-0.0525966882705688,0.5614613890647888,0.4125406742095947,-0.0093421917408704,0.4754239320755005,0.3449346125125885,-0.0337262153625488,0.4593573212623596,0.4233172833919525,0.0244136806577444,0.574459433555603,0.4850167632102966,-0.0954500809311866,0.4511465430259704,0.4932375252246856,-0.0443352684378623,0.5324421525001526,0.5184253454208374,-0.0038027253467589,0.4930747151374817,0.5221366882324219,0.0037801193539053,0.5408894419670105,0.6599693894386292,-0.0446420758962631,0.4877672493457794,0.666033923625946,-0.0257956031709909,0.5514103770256042,0.7957525253295898,0.0311416219919919,0.4781869351863861,0.7974889278411865,0.0510154962539672,0
34,0.50794917345047,0.2768890857696533,-0.1401500850915908,0.5420480966567993,0.3394783735275268,0.0226835794746875,0.5637488961219788,0.3986712694168091,0.071278378367424,0.4754740595817566,0.3435950577259063,0.0313176065683364,0.4558567404747009,0.406508594751358,0.107066698372364,0.5829650163650513,0.4566389620304107,0.0087689338251948,0.4446575343608856,0.4598854780197143,0.0786212980747222,0.5324578881263733,0.5155659914016724,-0.0033335939515382,0.4936411678791046,0.5196926593780518,0.0033308258280158,0.5409676432609558,0.6588050723075867,-0.0422104075551033,0.4881280958652496,0.6653892993927002,-0.0378848575055599,0.5513989925384521,0.7964929342269897,0.0170501060783863,0.4781605899333954,0.7976001501083374,0.0233162436634302,0
35,0.5078952312469482,0.2774441838264465,-0.0903859958052635,0.5412725806236267,0.3368716239929199,0.0439647212624549,0.567945122718811,0.3856171071529388,0.0659862756729126,0.4757448434829712,0.3417763411998749,0.0780516117811203,0.4510350823402405,0.3947518467903137,0.1359233409166336,0.5863860845565796,0.4312160313129425,-0.0044232918880879,0.4391198754310608,0.4252260625362396,0.0951086282730102,0.5326564908027649,0.5156601667404175,-0.0066265440545976,0.4941448271274566,0.5192630290985107,0.0066667892970144,0.5405834317207336,0.6596016883850098,-0.0455125756561756,0.4876992404460907,0.6650672554969788,-0.03476058319211,0.5514034628868103,0.7960419654846191,0.0283392053097486,0.4781472086906433,0.7967430949211121,0.0277343485504388,0
36,0.5079808235168457,0.277150958776474,-0.0695194080471992,0.5404509902000427,0.3353698849678039,0.0544361360371112,0.5691620111465454,0.3632166683673858,-0.0258928667753934,0.4762132465839386,0.3398663699626922,0.0503334179520607,0.4467492699623108,0.3696220219135284,-0.0625780150294303,0.5886623859405518,0.3847468197345733,-0.1683268398046493,0.4329698383808136,0.3893746435642242,-0.2488061338663101,0.5323305726051331,0.5156055688858032,-0.006046655587852,0.4939062297344208,0.5192781090736389,0.006067800335586,0.5394559502601624,0.6594506502151489,-0.0310154575854539,0.487553209066391,0.6643365621566772,-0.0239316578954458,0.5514054894447327,0.7959979772567749,0.0522810705006122,0.4781175851821899,0.7966079711914062,0.0430601201951503,0
37,0.5080273747444153,0.2770775258541107,-0.0674776583909988,0.5403386354446411,0.3341632485389709,0.0541996359825134,0.5727924704551697,0.3439089655876159,-0.0290805362164974,0.4767622053623199,0.3399513661861419,0.0435909405350685,0.4390900731086731,0.3513468205928802,-0.0987126305699348,0.5894913077354431,0.3397569358348846,-0.1362824589014053,0.427647054195404,0.3478587865829468,-0.2778642475605011,0.5315396785736084,0.5166893005371094,-0.0038510549347847,0.4930079877376556,0.5206609964370728,0.0038353016134351,0.5394698977470398,0.6620543599128723,-0.0229754131287336,0.487562745809555,0.6655805110931396,-0.0240293871611356,0.5515538454055786,0.7970488667488098,0.0706783980131149,0.4781748354434967,0.797611653804779,0.0553046874701976,0
38,0.5078386068344116,0.277019202709198,-0.0741157308220863,0.5397351980209351,0.3343060612678528,0.0107957376167178,0.5661196112632751,0.3313387036323547,-0.1943735629320144,0.4771181046962738,0.3398680984973907,0.0378804802894592,0.4417049288749695,0.3322478830814361,-0.1516160517930984,0.5896766185760498,0.3056790232658386,-0.4042385220527649,0.4272474348545074,0.3132532238960266,-0.3496063351631164,0.5315467715263367,0.5172061920166016,-0.0054633328691124,0.4930047690868377,0.5217767357826233,0.005347297526896,0.5401588678359985,0.6600017547607422,-0.0274769179522991,0.4877089262008667,0.6649914979934692,-0.021011421456933,0.5515541434288025,0.7972012162208557,0.0322997793555259,0.4781070351600647,0.7983458638191223,0.0334014296531677,0
39,0.5076806545257568,0.2766501903533935,-0.08876384049654,0.5387828946113586,0.3343606293201446,-0.0122824227437376,0.5663462281227112,0.3140193521976471,-0.2167562395334243,0.4776189625263214,0.3393636047840118,0.0096564227715134,0.4435998797416687,0.3144565522670746,-0.1621487289667129,0.5908389687538147,0.2672452628612518,-0.4239091873168945,0.4235398173332214,0.2706436216831207,-0.3456588983535766,0.5311821103096008,0.5206128358840942,-0.00607192190364,0.4924648106098175,0.5248355865478516,0.0059180664829909,0.5401753187179565,0.660700798034668,-0.0276638176292181,0.4877168238162994,0.6659143567085266,-0.0163659173995256,0.5515531301498413,0.7972353100776672,0.0357028841972351,0.4781192541122436,0.7985168099403381,0.0372177846729755,0
40,0.5072883367538452,0.2766485512256622,-0.0835228338837623,0.5380513072013855,0.3335341811180115,0.0295931529253721,0.5663565397262573,0.2973653376102447,-0.0897924825549125,0.4784746766090393,0.3388537466526031,0.0277884490787982,0.4439945220947265,0.3019827604293823,-0.1122007817029953,0.5898444652557373,0.2339939028024673,-0.2279953956604004,0.4228735268115997,0.2430415898561477,-0.2802840769290924,0.5309432744979858,0.5214285850524902,-0.004397424403578,0.4923986792564392,0.525275707244873,0.0043189194984734,0.5408928394317627,0.659476637840271,-0.0129550052806735,0.4877710938453674,0.6652412414550781,-0.0163730308413505,0.5517314672470093,0.7968496084213257,0.0562462098896503,0.4781164824962616,0.7983081936836243,0.0410584881901741,0
41,0.5072436928749084,0.2755714356899261,-0.1247555688023567,0.5380833148956299,0.3318687081336975,0.0167073812335729,0.5672690272331238,0.2787536978721618,-0.0158847998827695,0.4787751734256744,0.3372402787208557,0.0139770843088626,0.4441374838352203,0.2840716540813446,-0.0246915332973003,0.5893674492835999,0.2021621912717819,-0.0857824310660362,0.4222447276115417,0.2105494141578674,-0.1107504293322563,0.5309463739395142,0.5213674902915955,-0.0042254542931914,0.4924016892910003,0.5250946283340454,0.0041914847679436,0.5412250757217407,0.6579694151878357,-0.0023502225521951,0.4878146946430206,0.6638413667678833,-0.011933084577322,0.5515776872634888,0.7966567873954773,0.0955587327480316,0.4781151413917541,0.7981939315795898,0.0833523422479629,0
42,0.5067768692970276,0.2742515802383423,-0.2190136313438415,0.5383548736572266,0.3309054374694824,-0.0745916739106178,0.567011833190918,0.2663775086402893,-0.0994212180376052,0.4791200459003448,0.3352914154529571,-0.0778074115514755,0.4446626901626587,0.2732969224452972,-0.1229395791888237,0.5841898322105408,0.179600715637207,-0.1649578362703323,0.4234984219074249,0.1951173841953277,-0.2002304196357727,0.5308406949043274,0.5209121108055115,-0.0018370691686868,0.4920402765274048,0.5245344638824463,0.0018070079386234,0.541391909122467,0.6547713279724121,0.0199583955109119,0.4878307282924652,0.6627587080001831,0.0101258065551519,0.5514801144599915,0.7939887642860413,0.1366591453552246,0.4781358540058136,0.7947208285331726,0.1293669641017913,0
43,0.5068153142929077,0.2736246883869171,-0.2233679741621017,0.5384928584098816,0.3287737965583801,-0.0818840339779853,0.5655786991119385,0.2629408836364746,-0.114028126001358,0.4796104431152344,0.331882119178772,-0.083741158246994,0.445779800415039,0.2640610635280609,-0.1299861073493957,0.578850507736206,0.1701425015926361,-0.179044559597969,0.4267981648445129,0.178973376750946,-0.2041439414024353,0.5310768485069275,0.5202752947807312,-0.0012068947544321,0.4920266568660736,0.5238351821899414,0.0011763370130211,0.5415504574775696,0.6547570824623108,0.0162436291575431,0.4878416955471039,0.662259042263031,0.0151903163641691,0.5514748096466064,0.792727530002594,0.1545589864253997,0.4781533777713775,0.7941442131996155,0.1463379114866256,0
44,0.5071500539779663,0.2725512087345123,-0.2564944624900818,0.5385244488716125,0.3264033794403076,-0.1086478903889656,0.5643512606620789,0.2513547539710998,-0.1489328294992447,0.4796086251735687,0.3298743665218353,-0.1232206746935844,0.4483539760112762,0.2626247107982635,-0.2067448049783706,0.5738810300827026,0.151794359087944,-0.2116080373525619,0.4301782250404358,0.1712155640125274,-0.3173016905784607,0.5312224626541138,0.5201821327209473,0.0015027232002466,0.4918980896472931,0.5236349701881409,-0.0015806093579158,0.5415478944778442,0.6550612449645996,0.0253027621656656,0.4879176318645477,0.6632816791534424,0.0177928172051906,0.5515905022621155,0.7937433123588562,0.1730441004037857,0.4781901240348816,0.7944360971450806,0.1597077399492263,0
45,0.5079936981201172,0.2716123163700104,-0.2944826483726501,0.5386611223220825,0.3228022158145904,-0.1454294472932815,0.5632608532905579,0.241742730140686,-0.1865985542535781,0.4795192778110504,0.3267458081245422,-0.1683133691549301,0.4494540393352508,0.2470823526382446,-0.2482136934995651,0.5696021914482117,0.1423672288656234,-0.2494730800390243,0.436032772064209,0.149786040186882,-0.3385798335075378,0.5313526391983032,0.5194790363311768,0.003199569415301,0.491619735956192,0.5231585502624512,-0.0033101474400609,0.5419721603393555,0.6555024981498718,0.0248683206737041,0.48783940076828,0.6633294820785522,0.0191728565841913,0.551838755607605,0.7948822379112244,0.1743016391992569,0.4781863987445831,0.7963318228721619,0.163134828209877,0
46,0.5071470737457275,0.2699872851371765,-0.2908695638179779,0.539057195186615,0.3222910463809967,-0.1544175148010254,0.5631328225135803,0.2360904365777969,-0.2127384692430496,0.4794412553310394,0.3268212676048279,-0.1552112847566604,0.4526829123497009,0.250428169965744,-0.2346427291631698,0.5661757588386536,0.1374121457338333,-0.2738476991653442,0.4399362504482269,0.1538316309452057,-0.3218082785606384,0.5314429998397827,0.5200594067573547,0.0029426065739244,0.4910221695899963,0.5233516097068787,-0.0030523734167218,0.5427985787391663,0.658607542514801,0.0348536968231201,0.4877195954322815,0.6649036407470703,0.0305906850844621,0.5522817969322205,0.7964801788330078,0.1971738487482071,0.4783031046390533,0.796570897102356,0.1879422515630722,0
47,0.5069354176521301,0.2696115374565124,-0.3242877423763275,0.5390684008598328,0.3210418224334717,-0.1835277527570724,0.5620229840278625,0.2326602488756179,-0.2464582175016403,0.4794261157512665,0.3238393366336822,-0.1875633895397186,0.454688549041748,0.2380939126014709,-0.2675848603248596,0.5632166266441345,0.1336206495761871,-0.3081339597702026,0.4454508423805237,0.1381518542766571,-0.3449659943580627,0.5312039256095886,0.5199334025382996,0.003757074708119,0.490243911743164,0.5232507586479187,-0.0038981460966169,0.5430891513824463,0.659181535243988,0.0307955536991357,0.4876628220081329,0.6649386286735535,0.025363789871335,0.5522773265838623,0.7965084314346313,0.1995343267917633,0.478276640176773,0.7972919940948486,0.1849202364683151,0
48,0.5070453882217407,0.2682309150695801,-0.3033612668514251,0.5390222072601318,0.3188376128673553,-0.1676927059888839,0.5585237145423889,0.2287605702877044,-0.2259252816438675,0.4793886840343475,0.3230336904525757,-0.1765229403972625,0.4570602476596832,0.2361148744821548,-0.2641719579696655,0.5591738224029541,0.1288821846246719,-0.2848128080368042,0.4506661295890808,0.139853373169899,-0.3459269404411316,0.531205415725708,0.5186472535133362,0.0039481837302446,0.4902534484863281,0.520936906337738,-0.0040927059017121,0.5432001352310181,0.6591952443122864,0.0316743999719619,0.4875223040580749,0.6612313985824585,0.0231427941471338,0.5522974729537964,0.7965192794799805,0.1876368820667266,0.4783657193183899,0.7967192530632019,0.1736339479684829,0
49,0.5070456266403198,0.2678316533565521,-0.3062780499458313,0.5390386581420898,0.3180848062038421,-0.1737264990806579,0.5577936172485352,0.225153848528862,-0.2411414235830307,0.4793693125247955,0.3223409950733185,-0.180628016591072,0.4582380056381225,0.2345184534788131,-0.2627344727516174,0.5577194690704346,0.1250961422920227,-0.3043540418148041,0.4533217847347259,0.1375397890806198,-0.3332395553588867,0.531150221824646,0.5184875726699829,0.00387908751145,0.4900274276733398,0.5208168625831604,-0.004020188935101,0.543643057346344,0.6591963768005371,0.0352077335119247,0.4873996376991272,0.6610578894615173,0.0269854757934808,0.5523475408554077,0.7968697547912598,0.1893592923879623,0.4784817397594452,0.797089159488678,0.1783327013254165,0
50,0.5073131322860718,0.2639118731021881,-0.3021415770053863,0.5388878583908081,0.3174178898334503,-0.1654732078313827,0.5536254048347473,0.2237628847360611,-0.227016881108284,0.4794496893882751,0.3217093348503113,-0.1688726842403412,0.4582591354846954,0.2345158904790878,-0.2543455958366394,0.5556153059005737,0.1256791353225708,-0.2960636019706726,0.4555077850818634,0.1378903239965438,-0.3283365070819855,0.5312410593032837,0.5183576345443726,0.0041649239137768,0.4903301894664764,0.520102322101593,-0.0043057352304458,0.5437477231025696,0.6598833799362183,0.0337617732584476,0.4873324334621429,0.6610665321350098,0.0257158912718296,0.552139401435852,0.7969855666160583,0.1902209669351577,0.4784951210021972,0.7980446815490723,0.1760308593511581,0
51,0.5075423121452332,0.2665451169013977,-0.3113416731357574,0.5389936566352844,0.3170831203460693,-0.174608901143074,0.5522180199623108,0.2251046001911163,-0.2500271499156952,0.4795112311840057,0.32135671377182,-0.1775433272123336,0.4589087665081024,0.2347596436738968,-0.257509171962738,0.5544367432594299,0.1270281374454498,-0.3194937407970428,0.4575898349285126,0.1383156031370163,-0.3278550803661346,0.5313029885292053,0.5182913541793823,0.0039085452444851,0.4903174340724945,0.5199071168899536,-0.0040399795398116,0.5437789559364319,0.6584620475769043,0.0335057228803634,0.487359881401062,0.6609922051429749,0.0269169509410858,0.552463948726654,0.7957403063774109,0.1914544552564621,0.4785047769546509,0.7975302338600159,0.1803144961595535,0
52,0.5080642104148865,0.2665667831897735,-0.3042239844799042,0.5386902689933777,0.3170004785060882,-0.1682349294424057,0.5506457090377808,0.2242471426725387,-0.2382741272449493,0.4794110357761383,0.3208627998828888,-0.178369253873825,0.4588217735290527,0.2329172044992447,-0.2638522684574127,0.5525782704353333,0.1277301013469696,-0.3086638152599334,0.4584426283836365,0.1367849707603454,-0.3262448012828827,0.5310667157173157,0.5180233120918274,0.0045800781808793,0.4902551472187042,0.519842267036438,-0.0047190557233989,0.5440115332603455,0.6586508750915527,0.033099491149187,0.4872063994407654,0.6610763072967529,0.0256929658353328,0.5524446964263916,0.7958491444587708,0.1909369379281997,0.4785262942314148,0.7982099056243896,0.1752239167690277,0
53,0.5080466866493225,0.2666815817356109,-0.3208071291446686,0.5387001633644104,0.3170184195041656,-0.1829579770565033,0.5506168603897095,0.2240302562713623,-0.2586016356945038,0.479386955499649,0.3207447230815887,-0.1904335618019104,0.4590802490711212,0.2322568595409393,-0.2832996547222137,0.5522658824920654,0.1277923434972763,-0.3241335451602936,0.4595782458782196,0.1346209645271301,-0.3521385788917541,0.531071662902832,0.5179676413536072,0.0045332205481827,0.4902311265468597,0.5198253989219666,-0.0046742460690438,0.5441624522209167,0.6588102579116821,0.0317509211599826,0.4870642125606537,0.6611846685409546,0.0262844320386648,0.5524359941482544,0.7958436012268066,0.1917499005794525,0.478655457496643,0.7986468076705933,0.1798926442861557,0
54,0.5081589221954346,0.2660135924816131,-0.2776064872741699,0.5386337041854858,0.3170332908630371,-0.1422035545110702,0.5483858585357666,0.2244054079055786,-0.2059458941221237,0.4796511530876159,0.3205951452255249,-0.1651176959276199,0.4594709575176239,0.2314368635416031,-0.240338385105133,0.5498599410057068,0.1282629072666168,-0.2739187479019165,0.4609210789203644,0.1341129094362259,-0.2796638607978821,0.5310758352279663,0.5178276896476746,0.0049266298301517,0.4902835786342621,0.5196167826652527,-0.0050584473647177,0.5441957712173462,0.6588921546936035,0.0324074253439903,0.4870618283748626,0.6616602540016174,0.0229556038975715,0.5524726510047913,0.7959508895874023,0.1899737417697906,0.4785104691982269,0.7991679310798645,0.1697649508714676,0
55,0.5082440972328186,0.2675841748714447,-0.3015128076076507,0.5385374426841736,0.3174324929714203,-0.1706885248422622,0.5486372709274292,0.2246176451444625,-0.2515178918838501,0.4796604812145233,0.320722758769989,-0.1805582642555236,0.4596224129199981,0.2317314445972442,-0.2652765810489654,0.5493605136871338,0.1285468190908432,-0.3263809382915497,0.4605238139629364,0.1345540434122085,-0.324553519487381,0.5310322046279907,0.5178053975105286,0.0045803817920386,0.4900897443294525,0.5196077227592468,-0.004716602154076,0.5442045331001282,0.6588854193687439,0.0297114793211221,0.4870392680168152,0.6616074442863464,0.0233561005443334,0.5524805784225464,0.7963183522224426,0.1825685501098632,0.4786562621593475,0.7993613481521606,0.1699218451976776,0
56,0.5085017681121826,0.2687406539916992,-0.3182421624660492,0.5385515093803406,0.3174459636211395,-0.1842677295207977,0.5480642914772034,0.2237541079521179,-0.2554074227809906,0.4797051548957824,0.3207152187824249,-0.1946903765201568,0.4597582221031189,0.2319825440645218,-0.2761716842651367,0.5487504601478577,0.1275563985109329,-0.3206862807273865,0.461875855922699,0.1342445909976959,-0.3325421512126922,0.5309844613075256,0.517767608165741,0.0044327033683657,0.4900924265384674,0.5194205641746521,-0.0045719784684479,0.5443066358566284,0.6590407490730286,0.0261752065271139,0.4870066940784454,0.6616167426109314,0.023150635883212,0.5524775385856628,0.7961857914924622,0.1792942732572555,0.4787418246269226,0.7994217276573181,0.169168472290039,0
57,0.5084015727043152,0.2686391174793243,-0.2665613293647766,0.5376594066619873,0.3181825280189514,-0.1372388750314712,0.5476051568984985,0.2265862673521042,-0.1973650157451629,0.4797095656394958,0.3207215666770935,-0.1518899798393249,0.4597564339637756,0.2320144176483154,-0.2177946418523788,0.5484503507614136,0.1316195726394653,-0.2584902346134186,0.4618836939334869,0.1353126913309097,-0.2554343342781067,0.5309354066848755,0.5177502036094666,0.0044147875159978,0.4901881814002991,0.5194048285484314,-0.0045536821708083,0.544314444065094,0.6590309739112854,0.026351872831583,0.4869996309280395,0.6613486409187317,0.0208063162863254,0.552500307559967,0.7958237528800964,0.1780794560909271,0.4788278043270111,0.7995084524154663,0.1633813828229904,0
58,0.508380115032196,0.2689254879951477,-0.3049893379211426,0.5376796126365662,0.3181944191455841,-0.1734259277582168,0.5486929416656494,0.2270030677318573,-0.2552866339683532,0.4796857237815857,0.32070392370224,-0.1764722466468811,0.4600220620632171,0.2321028411388397,-0.2687475979328155,0.5487985610961914,0.1315426975488662,-0.3285037875175476,0.4619185626506805,0.1354585736989975,-0.34327232837677,0.5309232473373413,0.5172486901283264,0.0027677763719111,0.4901419579982757,0.519076943397522,-0.0029176759999245,0.5441370606422424,0.6590040326118469,0.0254351384937763,0.4869948029518127,0.6613504886627197,0.0236226804554462,0.5524835586547852,0.7959147095680237,0.1738580763339996,0.4788731932640075,0.7997838258743286,0.164199411869049,0
59,0.5083918571472168,0.2692971527576446,-0.3103183805942535,0.5378029346466064,0.3182212114334106,-0.1800528317689895,0.5492247939109802,0.2282552719116211,-0.2551048994064331,0.4796730279922485,0.3206700384616852,-0.181997925043106,0.4601245820522308,0.232174277305603,-0.2660990953445434,0.549092173576355,0.1313899159431457,-0.3210340738296509,0.4620173573493957,0.1349125951528549,-0.3310259878635406,0.5313008427619934,0.5172306299209595,0.0020814130548387,0.4903414845466614,0.5190643668174744,-0.0022230336908251,0.5441381931304932,0.6589885950088501,0.0253600869327783,0.4870233833789825,0.6612803936004639,0.0246049743145704,0.5524896383285522,0.7961069941520691,0.1742715388536453,0.4790357947349548,0.7998915910720825,0.1646043360233307,0
60,0.508630096912384,0.2691602408885956,-0.2980098724365234,0.538851797580719,0.3161965608596802,-0.1628805249929428,0.5517857670783997,0.226150244474411,-0.2237227708101272,0.4797101020812988,0.3202808499336242,-0.1741959899663925,0.4606300294399261,0.2319393903017044,-0.2419251352548599,0.5499123334884644,0.1296881586313247,-0.2817726731300354,0.4619829356670379,0.133664071559906,-0.2818112075328827,0.5324706435203552,0.517364501953125,0.0025227880105376,0.4906764030456543,0.519369900226593,-0.0026479572989046,0.5445650219917297,0.6589818596839905,0.0338168628513813,0.487558901309967,0.6615430116653442,0.024802166968584,0.5533372163772583,0.79669189453125,0.1827170103788375,0.4790063500404358,0.7997259497642517,0.1684045791625976,0
61,0.508901834487915,0.2694650888442993,-0.3229740262031555,0.5389429926872253,0.3162993788719177,-0.1811107695102691,0.5526360869407654,0.2257394790649414,-0.2489766329526901,0.4796182513236999,0.3206378221511841,-0.204104945063591,0.4606525599956512,0.2320585399866104,-0.2996480762958526,0.5508372783660889,0.1296134740114212,-0.3136272430419922,0.4619640409946441,0.1335521191358566,-0.361378014087677,0.5329031944274902,0.5174540877342224,0.0050438200123608,0.491117388010025,0.5193642973899841,-0.005207332316786,0.544453501701355,0.658987820148468,0.043357715010643,0.4880366027355194,0.6615933179855347,0.0254644323140382,0.5533316135406494,0.7970361709594727,0.1941141486167907,0.4790068864822387,0.7997360229492188,0.1727717965841293,0
62,0.508751630783081,0.2695949673652649,-0.3177414536476135,0.5390128493309021,0.3160825669765472,-0.1689069867134094,0.5535308122634888,0.2244325429201126,-0.2344283759593963,0.4793938398361206,0.3206357657909393,-0.1959663182497024,0.4601508975028991,0.2330912798643112,-0.2819049656391144,0.5525152087211609,0.127648115158081,-0.2986482977867126,0.4616217911243438,0.1345689445734024,-0.3248799443244934,0.5331608653068542,0.5181573033332825,0.0054292711429297,0.491213321685791,0.5205346345901489,-0.0055779833346605,0.5442878603935242,0.6601362228393555,0.0460239723324775,0.4880617260932922,0.6630486845970154,0.0281422715634107,0.5529783964157104,0.7978375554084778,0.1958077847957611,0.478916734457016,0.7997602820396423,0.1752807050943374,0
63,0.508690357208252,0.2708314061164856,-0.3195054829120636,0.5390303134918213,0.316483587026596,-0.1729587465524673,0.5538194179534912,0.2247406542301178,-0.2351631224155426,0.4793901145458221,0.3212643563747406,-0.1964889615774154,0.4601513147354126,0.234593391418457,-0.2820245325565338,0.5539073944091797,0.128148078918457,-0.2992012202739715,0.4609909057617187,0.1360170841217041,-0.3335597813129425,0.5336309671401978,0.5187948942184448,0.0061991075053811,0.4916791319847107,0.521385669708252,-0.0063402582891285,0.5444183945655823,0.6605294346809387,0.0486597046256065,0.4883899092674255,0.6632033586502075,0.0284098293632268,0.552963137626648,0.7977610230445862,0.2012179791927337,0.4788784086704254,0.7993160486221313,0.1781430542469024,0
64,0.5088575482368469,0.2714605629444122,-0.317275196313858,0.5393982529640198,0.3176935911178589,-0.1728046685457229,0.5547637939453125,0.2253996729850769,-0.2353501617908477,0.4796615242958069,0.3229799270629883,-0.1945330500602722,0.4601536095142364,0.23760387301445,-0.2814370095729828,0.5541850924491882,0.1292557120323181,-0.298490822315216,0.4608915150165558,0.1382698267698288,-0.3344594240188598,0.5340126156806946,0.5210534334182739,0.0070402892306447,0.4917884767055511,0.5230915546417236,-0.0071662827394902,0.5444017648696899,0.6605103611946106,0.0482838116586208,0.4882769584655761,0.6638967394828796,0.0228490363806486,0.5528573393821716,0.7978549599647522,0.2014705687761306,0.4786209464073181,0.8001907467842102,0.1739341765642166,0
65,0.5085461139678955,0.2743772268295288,-0.3127023875713348,0.5395883917808533,0.3195667266845703,-0.1727447807788849,0.5552324652671814,0.2271724492311477,-0.2365948557853698,0.4798794686794281,0.3265855610370636,-0.1905816495418548,0.4603876173496246,0.2404526025056839,-0.2725331485271454,0.5551579594612122,0.1308617442846298,-0.2984245717525482,0.4605697393417358,0.140358030796051,-0.322111040353775,0.5340097546577454,0.5222353339195251,0.0068564317189157,0.4918094277381897,0.5245345830917358,-0.0069774291478097,0.5445749163627625,0.661738932132721,0.0472811944782733,0.4881630539894104,0.6645888090133667,0.0230315923690795,0.5526582598686218,0.7985714673995972,0.194517433643341,0.4782328307628631,0.8001672029495239,0.170936182141304,1
66,0.5085470676422119,0.2764694094657898,-0.3051367402076721,0.539867639541626,0.3225016593933105,-0.1622666269540786,0.5556289553642273,0.2296314984560012,-0.2209940552711486,0.4802761375904083,0.330672413110733,-0.1823683083057403,0.4605070948600769,0.2452808767557144,-0.2527884840965271,0.5555456280708313,0.1330922245979309,-0.2837066948413849,0.4605597555637359,0.1453090608119964,-0.2976619005203247,0.5343122482299805,0.524450421333313,0.0068883779458701,0.4925667941570282,0.5260457992553711,-0.0070113372057676,0.5453232526779175,0.662132740020752,0.0466712675988674,0.4880474507808685,0.665145218372345,0.0252687372267246,0.5526494979858398,0.7965981364250183,0.1996889859437942,0.4779033660888672,0.7991681098937988,0.1785001754760742,1
67,0.5085516571998596,0.2793234586715698,-0.2986362874507904,0.5403032302856445,0.326327919960022,-0.1605105996131897,0.5565982460975647,0.23735111951828,-0.2225436419248581,0.4803224802017212,0.3337524533271789,-0.1767821907997131,0.4608054757118225,0.2510551512241363,-0.2568337917327881,0.5559552907943726,0.1388551145792007,-0.2921593785285949,0.4604549407958984,0.1506374478340149,-0.3062051236629486,0.5347251296043396,0.5271738171577454,0.0068690977059304,0.4927516281604767,0.5297229886054993,-0.0069886646233499,0.5466518998146057,0.6645740270614624,0.0299664624035358,0.4871671795845032,0.6673992872238159,0.0036168417427688,0.5526111125946045,0.7991709113121033,0.1901424974203109,0.4779407083988189,0.8005596399307251,0.1598690152168274,1
68,0.508125364780426,0.2865104377269745,-0.295190155506134,0.5403566956520081,0.331985741853714,-0.1615018397569656,0.5567808151245117,0.2449020147323608,-0.2251873463392257,0.4803799092769623,0.3369599878787994,-0.1729947924613952,0.4608598053455353,0.2529501318931579,-0.2473916411399841,0.5557897090911865,0.1461834907531738,-0.2881016731262207,0.4604090452194214,0.1531068980693817,-0.2908720374107361,0.5345550775527954,0.5303347110748291,0.0052932277321815,0.4934292435646057,0.5325472950935364,-0.0053884452208876,0.5475538372993469,0.6657271385192871,0.0194533858448267,0.4862635731697082,0.6682496070861816,-0.0095908138900995,0.5526058673858643,0.7991671562194824,0.182345300912857,0.4777640998363495,0.8011212348937988,0.1505239605903625,1
69,0.5083979964256287,0.2937227487564087,-0.3089694082736969,0.5409647822380066,0.3390985131263733,-0.1784175485372543,0.5572150349617004,0.2501106262207031,-0.2511482238769531,0.4808307588100433,0.3446976542472839,-0.1850495636463165,0.4613415896892547,0.2611424624919891,-0.263834148645401,0.5560052394866943,0.1513780206441879,-0.3109731376171112,0.4603999257087707,0.159688800573349,-0.3148007690906524,0.5352031588554382,0.5352205634117126,0.0044323517940938,0.4939905107021332,0.5368674397468567,-0.0045354319736361,0.5486171245574951,0.669800341129303,0.0121323065832257,0.4854890704154968,0.6707370281219482,-0.0145924696698784,0.5525137186050415,0.7993388175964355,0.176015630364418,0.4776952862739563,0.8016864061355591,0.1460245698690414,1
70,0.5083751678466797,0.3020066618919372,-0.3016376793384552,0.5412079691886902,0.3445755839347839,-0.1760422736406326,0.5576297044754028,0.2513525187969208,-0.2468778192996978,0.4813198149204254,0.3486247956752777,-0.1792749017477035,0.4625343382358551,0.2658557593822479,-0.2525064051151275,0.5554583668708801,0.1543983370065689,-0.2976548969745636,0.4603925943374634,0.1656554043292999,-0.3025826215744018,0.5351955890655518,0.5409483313560486,0.0040871244855225,0.4939952194690704,0.5420594811439514,-0.0041803242638707,0.5494095087051392,0.6712955236434937,-0.0013235653750598,0.4842205047607422,0.6717504858970642,-0.0395712703466415,0.5521983504295349,0.7993543148040771,0.1659441441297531,0.4775891900062561,0.8011552691459656,0.1298278272151947,1
71,0.5083362460136414,0.3056585788726806,-0.2983628809452057,0.5413568019866943,0.3494578301906585,-0.1749740093946457,0.5577019453048706,0.2545773684978485,-0.2476293444633484,0.481973797082901,0.3538362085819244,-0.1774024069309234,0.4625304639339447,0.2691909372806549,-0.2535119950771332,0.5551637411117554,0.1607315838336944,-0.3023359179496765,0.4604483544826507,0.1702903509140014,-0.3129863440990448,0.535447359085083,0.5437033772468567,0.0028444633353501,0.4945365190505981,0.5446529984474182,-0.0029516727663576,0.5510630011558533,0.6735105514526367,-0.0022389790974557,0.4827507138252258,0.6735857129096985,-0.0351940393447876,0.5525853633880615,0.7977083325386047,0.1699874401092529,0.4775961339473724,0.8008862137794495,0.1352197378873825,1
72,0.5081320405006409,0.3098436594009399,-0.2801591455936432,0.5413931012153625,0.3581891357898712,-0.1665347069501876,0.5577202439308167,0.2671938240528106,-0.2317826747894287,0.4830648303031921,0.3631073236465454,-0.1680999845266342,0.4631158113479614,0.2773728370666504,-0.2349036335945129,0.5547158718109131,0.1735023856163025,-0.2777200043201446,0.4604496359825134,0.1799801290035247,-0.2735945880413055,0.5354464054107666,0.5498195886611938,0.002511900383979,0.494763046503067,0.5525632500648499,-0.0026133684441447,0.5518832802772522,0.678287148475647,-0.0430008135735988,0.4816444218158722,0.6812769174575806,-0.0748835653066635,0.5521887540817261,0.801846444606781,0.1138468757271766,0.4776005744934082,0.8014516830444336,0.0878556817770004,1
73,0.5081235766410828,0.3217023313045501,-0.2846313416957855,0.5415245890617371,0.3647195994853973,-0.171738788485527,0.5579681396484375,0.2778453826904297,-0.2470163851976394,0.4830566346645355,0.3682687282562256,-0.1690760999917984,0.4633775949478149,0.2819126844406128,-0.2389404624700546,0.5540916919708252,0.1816135346889495,-0.2983571588993072,0.4608917236328125,0.1822689175605774,-0.2833085656166076,0.5361683964729309,0.5565834045410156,0.0010135154007002,0.4953047931194305,0.5571491718292236,-0.0011068129679188,0.5531134009361267,0.6821028590202332,-0.0607467703521251,0.480141282081604,0.6845359802246094,-0.0915069729089737,0.5522187948226929,0.8015361428260803,0.1090133115649223,0.4777194559574127,0.8013740181922913,0.0815441384911537,1
74,0.5082963705062866,0.3259797692298889,-0.2860329747200012,0.5416697859764099,0.3729659616947174,-0.1736373603343963,0.5583136677742004,0.2851103246212005,-0.2467700988054275,0.4831627011299133,0.3749374747276306,-0.1711851060390472,0.4634254872798919,0.2871012389659881,-0.2405245006084442,0.5537754893302917,0.189879685640335,-0.2980757355690002,0.4611825048923492,0.1881990283727646,-0.2850538194179535,0.5362644791603088,0.5618378520011902,0.0010633466299623,0.4953140914440155,0.5628064274787903,-0.0011568816844373,0.5534303188323975,0.6876657605171204,-0.0651907995343208,0.4793661236763,0.6870798468589783,-0.087102398276329,0.5520938038825989,0.8013899326324463,0.1096476688981056,0.4777694642543793,0.8015636205673218,0.0854219421744346,1
75,0.5085697770118713,0.3374682664871216,-0.3197448551654815,0.5423980951309204,0.379059374332428,-0.2066855281591415,0.5586649179458618,0.2919287383556366,-0.2833423614501953,0.4833177924156189,0.3825432956218719,-0.1985985338687896,0.4638419151306152,0.2952288389205932,-0.2652159333229065,0.5537790656089783,0.1947516351938247,-0.3316859006881714,0.4612366557121277,0.1946787536144256,-0.3096306622028351,0.5367633700370789,0.568414032459259,0.0006622038781642,0.4953469336032867,0.5694589018821716,-0.000768233265262,0.5539196133613586,0.6882193684577942,-0.0827668532729148,0.477961391210556,0.6896800398826599,-0.10359837859869,0.5521783232688904,0.801055371761322,0.1011478528380394,0.477756917476654,0.8014912009239197,0.0764975920319557,1
76,0.5087240934371948,0.3422885537147522,-0.3118709027767181,0.5422030091285706,0.3876482546329498,-0.1999934762716293,0.5588264465332031,0.2990880906581878,-0.2738147675991058,0.4831708073616028,0.3898709118366241,-0.2038662135601043,0.4637802243232727,0.3036472499370575,-0.2788229584693908,0.5528573393821716,0.2042842358350753,-0.3219658136367798,0.4612361192703247,0.2018808871507644,-0.3142199218273163,0.5368516445159912,0.5736898183822632,0.0006661430234089,0.4954546689987182,0.5758291482925415,-0.0007749674259684,0.5542770028114319,0.6891257762908936,-0.1055490225553512,0.4767002165317535,0.6906219720840454,-0.1266060173511505,0.5529003143310547,0.8022898435592651,0.0709488317370414,0.4776899218559265,0.8002187013626099,0.0500861778855323,1
77,0.508836030960083,0.352272629737854,-0.3112652897834778,0.5423886179924011,0.3980073034763336,-0.1972764879465103,0.5593790411949158,0.3075915873050689,-0.2707673609256744,0.4838598370552063,0.4000934660434723,-0.1996644884347915,0.4637823402881622,0.3132045865058899,-0.2722997367382049,0.5527649521827698,0.2098482698202133,-0.3177727460861206,0.4612835943698883,0.2095794528722763,-0.3065166771411896,0.5369179844856262,0.5790500640869141,0.0001626355078769,0.4957207441329956,0.5815029144287109,-0.0002801251539494,0.5543472766876221,0.6921118497848511,-0.1086116135120391,0.4759339094161987,0.6919589042663574,-0.1328915059566497,0.5526493191719055,0.8026725053787231,0.0462812557816505,0.4776847064495086,0.7991178631782532,0.0278968084603548,1
78,0.5088486671447754,0.3583588898181915,-0.3011398911476135,0.5425795912742615,0.4030945003032684,-0.1938058882951736,0.5599287748336792,0.3150490522384643,-0.2595922648906708,0.4839775860309601,0.4060662984848022,-0.1972290128469467,0.4637905955314636,0.3184726238250732,-0.261454164981842,0.5528866052627563,0.218411311507225,-0.3020456433296203,0.4610233604907989,0.2198910862207412,-0.2955414354801178,0.5369340181350708,0.5832563042640686,-2.2456411898019724e-05,0.496221125125885,0.5859661102294922,-0.000100503595604,0.554548442363739,0.6937804222106934,-0.0944354981184005,0.4751818776130676,0.6949179172515869,-0.1192623376846313,0.5526179671287537,0.802691638469696,0.0676261410117149,0.477500319480896,0.7990976572036743,0.0469954796135425,1
79,0.5088785886764526,0.3685893416404724,-0.2879070341587066,0.5424465537071228,0.413337230682373,-0.1823782622814178,0.5599297285079956,0.3269902765750885,-0.25071582198143,0.4839851558208465,0.4133544564247131,-0.1888978332281112,0.4636668860912323,0.3275668323040008,-0.2559545338153839,0.5529425740242004,0.2275110185146331,-0.2913981676101684,0.4618463814258575,0.2259915322065353,-0.2869328558444977,0.5369282364845276,0.5900505185127258,-0.0002481269475538,0.4962200820446014,0.5926493406295776,0.0001330722298007,0.5546140670776367,0.6985504031181335,-0.1233078092336654,0.4741679430007934,0.6999942064285278,-0.1529233455657959,0.5523462295532227,0.8026580810546875,0.041744690388441,0.4774950742721557,0.7992666959762573,0.0175067670643329,1
80,0.5095143914222717,0.3775440752506256,-0.3006468713283539,0.542655885219574,0.4178348183631897,-0.1956392675638198,0.5603101849555969,0.3329043388366699,-0.2734755575656891,0.4844107925891876,0.4197905659675598,-0.1967114061117172,0.4637326300144195,0.3351911902427673,-0.2674975097179413,0.5532746911048889,0.2339674979448318,-0.3121791481971741,0.4618599712848663,0.2324179708957672,-0.299357920885086,0.536986768245697,0.5928153395652771,-0.0005743656074628,0.4966605603694916,0.5945342183113098,0.0004748464853037,0.5547806024551392,0.6978298425674438,-0.1815185397863388,0.4733701944351196,0.6992315053939819,-0.2040323317050933,0.5523843169212341,0.8025414347648621,-0.0216752793639898,0.4772060513496399,0.7992722392082214,-0.0363505966961383,1
81,0.5094783902168274,0.3784941136837005,-0.281744509935379,0.5423280596733093,0.4251803457736969,-0.1710372418165207,0.5610436797142029,0.3436947464942932,-0.231827974319458,0.4845719337463379,0.429303914308548,-0.187007799744606,0.4635173678398132,0.3453675508499145,-0.2563700377941131,0.553696870803833,0.2442613095045089,-0.2687732875347137,0.4617093503475189,0.2471569776535034,-0.2812742292881012,0.5371236205101013,0.5973127484321594,-0.0002548447519075,0.4969974756240845,0.5995652079582214,0.0001683812006376,0.5549839735031128,0.6989126205444336,-0.1661793291568756,0.4727667570114136,0.698982834815979,-0.2012807875871658,0.5521514415740967,0.8025200963020325,-0.0122205503284931,0.4772013127803802,0.799278199672699,-0.036318302154541,1
82,0.5097320675849915,0.3853565454483032,-0.2822645902633667,0.5425879955291748,0.4271965026855469,-0.1715264320373535,0.5618484020233154,0.3464525640010834,-0.2374908477067947,0.4845923185348511,0.4332648813724518,-0.1830027848482132,0.4634279906749725,0.3550133407115936,-0.2525257468223572,0.555027186870575,0.2511366009712219,-0.2773195207118988,0.4616655111312866,0.2561397552490234,-0.2819280624389648,0.5372236371040344,0.6008843779563904,-0.0002980410354211,0.497301310300827,0.6035199761390686,0.0002112226356985,0.55509352684021,0.7003821730613708,-0.1775632500648498,0.4720536768436432,0.6991875171661377,-0.2072688639163971,0.5521478652954102,0.8023842573165894,-0.0174351837486028,0.4770918786525726,0.7999387979507446,-0.0376344919204711,1
83,0.5094490647315979,0.3937811255455017,-0.2812278568744659,0.5423167943954468,0.4317638576030731,-0.1710161417722702,0.5615814328193665,0.3524163663387298,-0.2355687767267227,0.4844757318496704,0.437227338552475,-0.1818289160728454,0.4630843102931976,0.3593180477619171,-0.2505190670490265,0.5552791357040405,0.255075067281723,-0.2734472155570984,0.4601469933986664,0.2651143968105316,-0.2807141244411468,0.5372487306594849,0.604275107383728,-0.000248938857112,0.4975367784500122,0.6082057356834412,0.0001659416157053,0.5552768111228943,0.700217604637146,-0.1910681873559951,0.4717285931110382,0.6991255283355713,-0.2236587852239608,0.551872193813324,0.8018186688423157,-0.0350314006209373,0.476509541273117,0.7997978329658508,-0.057666216045618,1
84,0.509404718875885,0.3969739377498626,-0.2653447985649109,0.5423076748847961,0.4399305284023285,-0.1604198068380355,0.5620511174201965,0.3567790389060974,-0.2282813936471939,0.4846578538417816,0.4445797204971313,-0.1613177806138992,0.4630275368690491,0.3656604886054992,-0.2291277199983596,0.5556774735450745,0.2612215578556061,-0.2667933404445648,0.4596723318099975,0.2714394629001617,-0.2642833590507507,0.5373519062995911,0.6121131181716919,-0.0006784688448533,0.4980500340461731,0.6149883270263672,0.0005893684574402,0.5561186075210571,0.7022114396095276,-0.2228937745094299,0.4706875383853912,0.701599657535553,-0.2439987659454345,0.5507671236991882,0.801803708076477,-0.0412331372499465,0.4764502644538879,0.7997124791145325,-0.0581136234104633,1
85,0.5094867944717407,0.4006315171718597,-0.2631053328514099,0.541572630405426,0.4464196264743805,-0.1560712605714798,0.5622090697288513,0.3618878424167633,-0.2213753163814544,0.4846940636634826,0.4501168429851532,-0.1586122363805771,0.4626177549362182,0.3722229599952698,-0.2266787737607956,0.5558755993843079,0.2673428356647491,-0.2610662877559662,0.4590919315814972,0.2768700718879699,-0.2621771097183227,0.5379055142402649,0.6168543696403503,-0.000827899260912,0.4988459050655365,0.6192705631256104,0.0007391798426397,0.5561098456382751,0.7029563188552856,-0.2316866070032119,0.4701408445835113,0.7028007507324219,-0.2471581399440765,0.5503545999526978,0.8022148013114929,-0.0468671470880508,0.4767133891582489,0.799694299697876,-0.0633453428745269,1
86,0.5096006393432617,0.404785692691803,-0.2612833082675934,0.5414754152297974,0.4486907720565796,-0.1521329134702682,0.5621882081031799,0.364808440208435,-0.2190582156181335,0.4849157631397247,0.4541541635990143,-0.1561900079250335,0.4626071751117706,0.3749993145465851,-0.2256092280149459,0.5563916563987732,0.2690328657627105,-0.2593463957309723,0.4593188464641571,0.2784359455108642,-0.2588483691215515,0.5381608605384827,0.6202113032341003,-0.0014678847510367,0.4993245303630829,0.6227966547012329,0.0013721045106649,0.5553226470947266,0.7030062675476074,-0.271004319190979,0.4693559408187866,0.7045886516571045,-0.2507645785808563,0.5498542189598083,0.8024505972862244,-0.0774003788828849,0.476741224527359,0.7978509068489075,-0.0657111555337905,1
87,0.5095004439353943,0.4101126790046692,-0.2603442370891571,0.5412335991859436,0.4518081545829773,-0.1523648798465728,0.5622022151947021,0.368994653224945,-0.2205336987972259,0.4851115942001343,0.457215815782547,-0.1559849083423614,0.4626170098781585,0.3797229826450348,-0.2248524725437164,0.55675208568573,0.2733394503593445,-0.2616483271121979,0.4597817659378052,0.283536821603775,-0.2596651613712311,0.5381683707237244,0.623132586479187,-0.0016626293072476,0.4993360638618469,0.6259370446205139,0.001571858418174,0.5538820028305054,0.7033554911613464,-0.2843578457832336,0.4693903625011444,0.7046269178390503,-0.2599715292453766,0.5495181679725647,0.8024144768714905,-0.1001334488391876,0.4772109687328338,0.7987022995948792,-0.0855050832033157,1
88,0.5095322132110596,0.4144721031188965,-0.262054294347763,0.5412816405296326,0.4543187320232391,-0.1534671634435653,0.5627034306526184,0.3721500635147095,-0.2254442125558853,0.485115647315979,0.4610582888126373,-0.1573648154735565,0.4626149833202362,0.3836455047130584,-0.2263483107089996,0.5567757487297058,0.2762600481510162,-0.2690114378929138,0.4597910046577453,0.2899996042251587,-0.2610813975334167,0.5382816195487976,0.6280032992362976,-0.0021103150211274,0.4993642568588257,0.6306324601173401,0.002018061466515,0.5528632998466492,0.7044421434402466,-0.2899953126907348,0.4693010151386261,0.7073400616645813,-0.2688483595848083,0.549220621585846,0.8024405241012573,-0.0966600552201271,0.4772826135158539,0.7987328171730042,-0.0852849036455154,1
89,0.5095357298851013,0.414901852607727,-0.2695289254188537,0.5412973165512085,0.4548870325088501,-0.1638638526201248,0.562991738319397,0.3738818168640136,-0.2381818890571594,0.4851511716842651,0.4624902606010437,-0.1620157063007354,0.4626125991344452,0.3861596882343292,-0.2326073497533798,0.5567761659622192,0.2786366939544678,-0.2794355750083923,0.4597986340522766,0.2924012541770935,-0.2712423205375671,0.5382906198501587,0.6296480894088745,-0.0026077239308506,0.4994293451309204,0.631460964679718,0.0025217719376087,0.552026629447937,0.7057804465293884,-0.2719103693962097,0.4690940082073211,0.708218514919281,-0.2680855989456177,0.5491335391998291,0.8025071024894714,-0.0840912163257598,0.4774268865585327,0.8007257580757141,-0.0851154178380966,1
90,0.50953209400177,0.4154084920883178,-0.2641991078853607,0.5416088700294495,0.4567949771881103,-0.1582476794719696,0.5635496973991394,0.3748997449874878,-0.2314452975988388,0.4852658212184906,0.4651857018470764,-0.1532230526208877,0.4617827534675598,0.3894311487674713,-0.2212313264608383,0.5566877126693726,0.2808241248130798,-0.2737723588943481,0.4588511884212494,0.2952841520309448,-0.2605518698692322,0.5382953882217407,0.6323404312133789,-0.0028477578889578,0.4994316101074219,0.6335564255714417,0.0027614303398877,0.5519725680351257,0.7058121562004089,-0.2919807434082031,0.4689855873584747,0.7083374261856079,-0.2745701968669891,0.5491364002227783,0.8025131821632385,-0.1031801626086235,0.4776135385036468,0.8019541501998901,-0.0984596386551857,1
91,0.5093557834625244,0.4185277819633484,-0.2820873856544494,0.5420299172401428,0.4584523737430572,-0.1752267926931381,0.5638027191162109,0.3766878545284271,-0.2542662918567657,0.4854417443275451,0.4674875140190124,-0.1668584644794464,0.4616095423698425,0.3910196721553802,-0.23556549847126,0.5566899180412292,0.2824335396289825,-0.2979788780212402,0.4586549997329712,0.2978869080543518,-0.2814194858074188,0.5383123755455017,0.632533609867096,-0.0030742983799427,0.4996356070041656,0.6336191296577454,0.0029833100270479,0.5505796074867249,0.7056646943092346,-0.2846722602844238,0.4689348340034485,0.7085517644882202,-0.2754455506801605,0.5490739345550537,0.8028792142868042,-0.1034428998827934,0.4775788486003876,0.8022348284721375,-0.1020411252975463,1
92,0.5093784928321838,0.4190807044506073,-0.279144823551178,0.5420700311660767,0.459537535905838,-0.1731474846601486,0.5640703439712524,0.3778054714202881,-0.251611977815628,0.485465794801712,0.4688508212566376,-0.1662653088569641,0.4613422751426697,0.3920835852622986,-0.2352770268917083,0.5569692254066467,0.2831476330757141,-0.2932007610797882,0.4586268365383148,0.2976102232933044,-0.2799752652645111,0.5383150577545166,0.6332966089248657,-0.0030799105297774,0.4996478855609894,0.6340301036834717,0.0029888828285038,0.5503933429718018,0.7059538960456848,-0.2856532633304596,0.4689398407936096,0.7084932923316956,-0.2754210531711578,0.5488752126693726,0.803106963634491,-0.1083068549633026,0.4776025414466858,0.8023335933685303,-0.1053395420312881,1
93,0.5094497203826904,0.4191727638244629,-0.281248539686203,0.5425897836685181,0.4596979022026062,-0.1750109046697616,0.5642544031143188,0.3776350319385528,-0.2524779438972473,0.4855753183364868,0.4694306552410126,-0.1669767200946808,0.4611034691333771,0.3918935358524322,-0.2358104735612869,0.5570598840713501,0.284028023481369,-0.294560045003891,0.4584516882896423,0.2978081107139587,-0.279399424791336,0.5383378267288208,0.633226752281189,-0.0036338476929813,0.4997572004795074,0.6339524984359741,0.0035419419873505,0.54990154504776,0.7065369486808777,-0.2801450788974762,0.4689434170722961,0.7083680033683777,-0.2742368578910827,0.548875629901886,0.8031712770462036,-0.1056077033281326,0.4776073694229126,0.802385687828064,-0.1018200740218162,1
94,0.5098453760147095,0.4191158711910248,-0.2827368676662445,0.5425668954849243,0.4594778716564178,-0.1739929765462875,0.5643386840820312,0.3776072859764099,-0.2511056661605835,0.4855620563030243,0.4690292775630951,-0.171276643872261,0.4609608948230743,0.3920324742794037,-0.2386495620012283,0.5573181509971619,0.283897340297699,-0.2900275886058807,0.4576036632061004,0.2985524535179138,-0.278742104768753,0.5383393168449402,0.6331580281257629,-0.003423691727221,0.4997591078281402,0.6338909864425659,0.0033322423696517,0.5499237179756165,0.7072594165802002,-0.2527558803558349,0.4689675867557525,0.7083272933959961,-0.2733882367610931,0.5488512516021729,0.8034269213676453,-0.0773425996303558,0.4777578115463257,0.80220627784729,-0.0956881940364837,1
95,0.5098426342010498,0.4184059500694275,-0.2891040444374084,0.542374849319458,0.4593785107135772,-0.1787285804748535,0.5643256902694702,0.3777093291282654,-0.2533276081085205,0.4851643145084381,0.4678587019443512,-0.1777515858411789,0.4604914486408233,0.3918151557445526,-0.2473066300153732,0.5577574968338013,0.2837733328342438,-0.2951409220695495,0.4576064646244049,0.2983996570110321,-0.2859560847282409,0.5382378101348877,0.6309773325920105,-0.0029961501713842,0.4996308982372284,0.6322953701019287,0.0029006211552768,0.5499405264854431,0.7071002721786499,-0.2525198757648468,0.4689829051494598,0.7082082629203796,-0.2720529437065124,0.5488155484199524,0.8039813041687012,-0.0754116922616958,0.4778621792793274,0.8021339774131775,-0.0889677628874778,1
96,0.5096824765205383,0.4176975786685943,-0.2831937372684479,0.5422660708427429,0.4593487977981567,-0.1702805310487747,0.5647558569908142,0.378215879201889,-0.2394580394029617,0.4851732850074768,0.4674606025218963,-0.1702698022127151,0.4601556062698364,0.3917099833488464,-0.2372215837240219,0.5578950047492981,0.2836649715900421,-0.2820108532905578,0.457470953464508,0.2976121604442596,-0.2767176926136017,0.5381423234939575,0.6279965043067932,-0.0027342783287167,0.4995097219944,0.6301765441894531,0.0026322507765144,0.5500194430351257,0.7058383226394653,-0.2790434956550598,0.4691111147403717,0.7069644927978516,-0.2725191414356231,0.5485197901725769,0.8035258650779724,-0.0950542017817497,0.4779930710792541,0.8010084629058838,-0.0940859094262123,1
97,0.509707510471344,0.4176125824451446,-0.2943104207515716,0.5420963764190674,0.4590978026390075,-0.1792426109313964,0.564915657043457,0.3782312870025635,-0.2524629533290863,0.485177606344223,0.4655454456806183,-0.1811365485191345,0.460048109292984,0.3901301622390747,-0.2531510591506958,0.558418333530426,0.2831705212593078,-0.2984139025211334,0.457408607006073,0.2962447106838226,-0.2947168350219726,0.5381444692611694,0.6234971284866333,-0.0027158709708601,0.4995850324630737,0.6263777017593384,0.0026068657170981,0.5502042770385742,0.7046900391578674,-0.2760079801082611,0.469272643327713,0.7064897418022156,-0.2631787955760956,0.5485535860061646,0.8034117221832275,-0.0942894741892814,0.4780135154724121,0.8006194233894348,-0.0876943692564964,1
98,0.5095438957214355,0.4170143604278564,-0.2959876954555511,0.5419849157333374,0.4577590525150299,-0.1797683984041214,0.5649424195289612,0.3774487972259521,-0.2521112859249115,0.485049158334732,0.4631917774677276,-0.1821298599243164,0.4600105881690979,0.3884797394275665,-0.2533192932605743,0.5585429072380066,0.2791378498077392,-0.2970034182071686,0.4571720659732818,0.2949011623859405,-0.293420672416687,0.5380612015724182,0.6202906966209412,-0.0021551130339503,0.4995612800121307,0.6232770085334778,0.0020339705515652,0.5502157807350159,0.7011931538581848,-0.2858568727970123,0.4696528017520904,0.7017983198165894,-0.2659835517406463,0.5484222173690796,0.8024294376373291,-0.0996473059058189,0.4780324101448059,0.7987726330757141,-0.0895929262042045,1
99,0.5094972848892212,0.4163751602172851,-0.3111127316951751,0.5415381789207458,0.4556340277194977,-0.1964224278926849,0.5648384690284729,0.3760379254817962,-0.2753245234489441,0.4847968518733978,0.4595087766647339,-0.1913128942251205,0.4595288336277008,0.386985033750534,-0.2634941041469574,0.5585609674453735,0.277694433927536,-0.3213323652744293,0.4568969905376434,0.2919015884399414,-0.308897316455841,0.5380443930625916,0.6181596517562866,-0.002117512980476,0.4995380938053131,0.6210150718688965,0.001995894126594,0.5505048632621765,0.7013347148895264,-0.273608535528183,0.4700357615947723,0.701907217502594,-0.2684487998485565,0.5484762787818909,0.8021300435066223,-0.077369600534439,0.4780421555042267,0.7983599901199341,-0.0808200910687446,1
100,0.5094966292381287,0.4140447974205017,-0.3112828433513641,0.5414397120475769,0.4530403912067413,-0.1972505301237106,0.5645779371261597,0.3741089105606079,-0.2768204510211944,0.4847784638404846,0.4578824937343597,-0.1922885030508041,0.4589542150497436,0.3857662677764892,-0.2642666399478912,0.5588268041610718,0.277129977941513,-0.3228138387203216,0.4557190537452698,0.2898472249507904,-0.3076053261756897,0.5380308628082275,0.6164482235908508,-0.0020811215508729,0.4994706511497497,0.6191354393959045,0.0019624759443104,0.550520122051239,0.700696587562561,-0.2676573097705841,0.4704421460628509,0.7003428936004639,-0.270259827375412,0.5484727621078491,0.8016999363899231,-0.0836112052202224,0.4780866801738739,0.7993578314781189,-0.0911699086427688,1
101,0.5091952085494995,0.4112785458564758,-0.3080934286117553,0.5411291122436523,0.4514122903347015,-0.1941441744565963,0.5645610094070435,0.37287637591362,-0.2738881111145019,0.4847769737243652,0.455992579460144,-0.1909421533346176,0.4589793980121612,0.3837552070617676,-0.2615838646888733,0.558807373046875,0.2727818489074707,-0.3155204355716705,0.455778568983078,0.2878642082214355,-0.3042320609092712,0.5379921197891235,0.6146147847175598,-0.0020049617160111,0.4994677603244781,0.6173539161682129,0.001888605300337,0.5506963133811951,0.7007264494895935,-0.2221144735813141,0.4707247912883758,0.6998549699783325,-0.2541225254535675,0.5485478639602661,0.801608681678772,-0.0457730516791343,0.4781041145324707,0.7990989685058594,-0.0720717906951904,1
102,0.5090844035148621,0.4087097644805908,-0.3067449927330017,0.5408161282539368,0.4496219158172607,-0.1926937997341156,0.563939094543457,0.370160698890686,-0.2721261978149414,0.4846159219741821,0.454538345336914,-0.1900172531604766,0.4587220549583435,0.3828015923500061,-0.2626561224460602,0.5588757395744324,0.2715688347816467,-0.3115555644035339,0.4557444155216217,0.2868119478225708,-0.3083537817001343,0.5377414226531982,0.6129516363143921,-0.0020039936061948,0.4994452893733978,0.615872323513031,0.0018893426749855,0.5507096648216248,0.7008108496665955,-0.2087283581495285,0.4707887470722198,0.6995090246200562,-0.2460044026374817,0.5485754609107971,0.8014426827430725,-0.0423603914678096,0.4783176779747009,0.7997106313705444,-0.069918617606163,1
103,0.5089572668075562,0.4080799520015716,-0.3062722980976105,0.5408098697662354,0.4478200078010559,-0.19208425283432,0.5639192461967468,0.3690706491470337,-0.2713826298713684,0.4846269190311432,0.4543194472789764,-0.1898929327726364,0.458710104227066,0.3823599815368652,-0.2578240633010864,0.558838427066803,0.2709641754627228,-0.3068944215774536,0.4556411504745483,0.2860626876354217,-0.2995486259460449,0.5377651453018188,0.6128117442131042,-0.0022269359324127,0.499474823474884,0.615296483039856,0.0021237593609839,0.5507991313934326,0.7012200951576233,-0.207430750131607,0.4708435833454132,0.6983281373977661,-0.2492160648107528,0.5486342310905457,0.8002810478210449,-0.034325934946537,0.478326141834259,0.7999957799911499,-0.0691099390387535,1
104,0.5089458227157593,0.4069392681121826,-0.3057850003242492,0.5407580733299255,0.4462740123271942,-0.1914130002260208,0.5638938546180725,0.3678747117519378,-0.2668957412242889,0.4845117330551147,0.4534951448440552,-0.1910060346126556,0.4585758745670318,0.3816093802452087,-0.2602522075176239,0.5584679245948792,0.2680273354053497,-0.3047944605350494,0.4553985595703125,0.2852145135402679,-0.3003186285495758,0.5377940535545349,0.6120530366897583,-0.0019158695358783,0.4994641840457916,0.6144570112228394,0.0018246354302391,0.5510684251785278,0.70206218957901,-0.2107470482587814,0.4709317982196808,0.6980031728744507,-0.2510993480682373,0.5487838387489319,0.8003329038619995,-0.0389789752662181,0.478333443403244,0.7998993992805481,-0.0698310285806655,1
105,0.5080894231796265,0.4045552313327789,-0.3041170537471771,0.5407151579856873,0.4446379244327545,-0.1881820857524871,0.5638964176177979,0.3668598532676697,-0.2616233825683594,0.4843048453330993,0.4521536231040954,-0.1863877773284912,0.4582372307777405,0.3780713975429535,-0.251147598028183,0.5584496855735779,0.2680802345275879,-0.3012676239013672,0.4553369283676147,0.2824162542819977,-0.2912176549434662,0.5378103852272034,0.6107873320579529,-0.0019851415418088,0.4994570910930633,0.6131842136383057,0.0019001682521775,0.5511007308959961,0.7029794454574585,-0.2080858051776886,0.4710752069950104,0.6968879699707031,-0.2507972419261932,0.5488754510879517,0.8003250956535339,-0.0376723855733871,0.4782200157642364,0.7995662093162537,-0.0683824196457862,1
106,0.5080031156539917,0.403862327337265,-0.3042551279067993,0.5406876802444458,0.4435404241085052,-0.1866780221462249,0.5639240145683289,0.3652310073375702,-0.2573882341384887,0.4837538301944732,0.4515162408351898,-0.186608225107193,0.4574722051620483,0.3771621584892273,-0.2512588202953338,0.5583957433700562,0.2674840688705444,-0.2973717749118805,0.454925924539566,0.2811607420444488,-0.2925516664981842,0.5377835035324097,0.610142171382904,-0.0018346267752349,0.499361127614975,0.6128472089767456,0.0017524000722914,0.5512933731079102,0.705105185508728,-0.2007799744606018,0.4712462723255157,0.6967571377754211,-0.2468827664852142,0.5486677885055542,0.8000087738037109,-0.0195994321256876,0.4782251119613647,0.7988789081573486,-0.0557589642703533,1
107,0.507806122303009,0.4038209319114685,-0.3045595586299896,0.5406811833381653,0.4433814883232116,-0.1869471222162246,0.5637335181236267,0.3638884425163269,-0.2580833435058594,0.4833779335021972,0.4513798654079437,-0.186678871512413,0.45736163854599,0.3772392272949219,-0.2520799040794372,0.5582045912742615,0.2674624919891357,-0.2998336851596832,0.4546109139919281,0.2811678349971771,-0.2932364046573639,0.5378335118293762,0.610027015209198,-0.0018193373689427,0.4993337094783783,0.6128745675086975,0.0017374119488522,0.5515827536582947,0.7024437785148621,-0.2221173495054245,0.4718256890773773,0.696104884147644,-0.2572309076786041,0.5487184524536133,0.7991721034049988,-0.0476373881101608,0.4782150983810425,0.798833429813385,-0.0758837312459945,1
108,0.5079026818275452,0.4038712084293365,-0.300342857837677,0.5404251217842102,0.4434439837932586,-0.1861406862735748,0.5631434917449951,0.3638286888599396,-0.2560844421386719,0.4833827614784241,0.4510016143321991,-0.1858617514371872,0.4573624730110168,0.3751888275146484,-0.2510264813899994,0.5579369068145752,0.267717570066452,-0.2960599958896637,0.4546894431114197,0.2801538109779358,-0.2899074852466583,0.5378299951553345,0.6095230579376221,-0.0016914004227146,0.4993210136890411,0.6125328540802002,0.0016093655722215,0.5515099167823792,0.7003048062324524,-0.2177706658840179,0.4720283150672912,0.6961449980735779,-0.2495336532592773,0.5487208962440491,0.7994095087051392,-0.0467492453753948,0.4781183302402496,0.7983689308166504,-0.0734439194202423,1
109,0.5079227089881897,0.403060644865036,-0.3100192844867706,0.5403980612754822,0.443502128124237,-0.1950827986001968,0.5630228519439697,0.3624668419361114,-0.2704176008701324,0.4830258190631866,0.4505819976329803,-0.1949831396341323,0.4568950235843658,0.3750882148742676,-0.2655249536037445,0.5573603510856628,0.2667653560638428,-0.3127630352973938,0.4543218612670898,0.2796066403388977,-0.3044818341732025,0.5378564596176147,0.608964741230011,-0.0015254189493134,0.4993168413639068,0.6119292974472046,0.0014395118923857,0.5515128970146179,0.6993575692176819,-0.2340064048767089,0.4727570712566376,0.6952446103096008,-0.2616332471370697,0.54872065782547,0.7985238432884216,-0.0602091364562511,0.4781356453895569,0.7982270121574402,-0.0807369127869606,1
110,0.5081713199615479,0.4035019874572754,-0.3152597546577453,0.5403234958648682,0.4435319900512695,-0.2001273930072784,0.5626000165939331,0.3617726862430572,-0.2755554914474487,0.4829746782779693,0.4504559934139251,-0.1975052207708358,0.4569019973278045,0.3751967251300812,-0.2693260312080383,0.5570050477981567,0.2667896151542663,-0.3186363279819488,0.4542587995529175,0.2800426483154297,-0.3141216337680816,0.5379067063331604,0.6088963747024536,-0.0015246706316247,0.4993249773979187,0.6119383573532104,0.001437839702703,0.5516846179962158,0.6987413763999939,-0.2437092661857605,0.4730264246463775,0.6953564882278442,-0.2628474235534668,0.5488408207893372,0.7980102896690369,-0.0634385868906974,0.4781428575515747,0.7980708479881287,-0.0805320367217063,1
111,0.5078851580619812,0.4038565456867218,-0.3141461610794067,0.540276288986206,0.4435620307922363,-0.1998662799596786,0.5624324083328247,0.3614216148853302,-0.2737457156181335,0.4826608896255493,0.4502975940704345,-0.1953097879886627,0.4567667543888092,0.3751081824302673,-0.2650744915008545,0.5562559366226196,0.2665190696716308,-0.3180190324783325,0.4543278515338897,0.2799557149410248,-0.3043550550937652,0.5378631949424744,0.6088829040527344,-0.0014853772008791,0.4992079436779022,0.6119815111160278,0.0013970942236483,0.551847517490387,0.6984020471572876,-0.2515120208263397,0.473077654838562,0.6955440640449524,-0.2656071782112121,0.5489774346351624,0.7979482412338257,-0.0689348876476287,0.4781104624271393,0.7975208163261414,-0.0820669308304786,1
112,0.5085103511810303,0.4048915803432464,-0.3129570186138153,0.54025799036026,0.4439478814601898,-0.1980902552604675,0.561974287033081,0.3620539903640747,-0.2719389796257019,0.4827486276626587,0.4502981603145599,-0.1950145661830902,0.4569282829761505,0.3751380443572998,-0.2645192742347717,0.5559602975845337,0.2672743201255798,-0.3151420950889587,0.4543300867080688,0.2802610397338867,-0.3039935827255249,0.5378714203834534,0.6088244318962097,-0.0014120618579909,0.4992083609104156,0.6119410991668701,0.0013228046009317,0.5518733859062195,0.6982295513153076,-0.2470560222864151,0.4731561243534088,0.69551682472229,-0.2650166451931,0.5489301681518555,0.7980514764785767,-0.0689118728041648,0.4781296551227569,0.7971411943435669,-0.0831761807203292,1
113,0.5085383653640747,0.4050939381122589,-0.3047643601894378,0.5402463674545288,0.4452473819255829,-0.1913294643163681,0.5619326233863831,0.3621169328689575,-0.2654862701892853,0.4823765158653259,0.451004296541214,-0.1875692903995514,0.4564950168132782,0.3768664300441742,-0.2571920156478882,0.5559412837028503,0.2686546146869659,-0.3086536526679992,0.4539750218391418,0.2811335325241089,-0.2935890257358551,0.5378643870353699,0.6091209650039673,-0.0014059736859053,0.4990857541561126,0.6125701069831848,0.0013169507728889,0.5519473552703857,0.6986616849899292,-0.2587261199951172,0.4733323752880096,0.6958773136138916,-0.2684200704097748,0.5489308834075928,0.7979458570480347,-0.0739379376173019,0.4781298637390136,0.7977083921432495,-0.086683303117752,1
114,0.5085414052009583,0.4076942801475525,-0.3016805350780487,0.5398218631744385,0.4464966654777527,-0.1882838904857635,0.5617777705192566,0.3657198846340179,-0.2596247792243957,0.4824379682540893,0.4518954157829284,-0.1879395097494125,0.4568740427494049,0.3769893050193786,-0.2574861347675323,0.5559194684028625,0.2703866064548492,-0.3030125796794891,0.4543940126895904,0.281522274017334,-0.2946773767471313,0.53786301612854,0.6094645857810974,-0.0010780065786093,0.4990573823451996,0.612957239151001,0.0009830307681113,0.5522180795669556,0.6983940005302429,-0.2553263306617737,0.4734373092651367,0.6962852478027344,-0.2668761312961578,0.5490198731422424,0.797947883605957,-0.0744941011071205,0.4781380295753479,0.7962815165519714,-0.0858421698212623,1
115,0.5086019039154053,0.4090759456157684,-0.2967068552970886,0.5398117899894714,0.4477627277374267,-0.1846845149993896,0.5616229176521301,0.3656740486621856,-0.2564853131771087,0.4824393987655639,0.4528965651988983,-0.1842771023511886,0.4572270214557647,0.377042144536972,-0.2535019516944885,0.5558239817619324,0.2717485129833221,-0.2980688214302063,0.4545542001724243,0.2825537025928497,-0.2900723218917846,0.5378586649894714,0.6111049652099609,-0.0010715861571952,0.4990091919898987,0.6143963932991028,0.0009766512084752,0.5525289177894592,0.6994080543518066,-0.2531435191631317,0.473546415567398,0.6966017484664917,-0.2663958966732025,0.5490215420722961,0.797539234161377,-0.0655067712068557,0.4781385660171509,0.7961195707321167,-0.0829532220959663,1
116,0.5083640217781067,0.4099313616752624,-0.291132241487503,0.5397955179214478,0.4495260119438171,-0.1799413859844207,0.5615684390068054,0.3688568770885467,-0.2528343796730041,0.4824603796005249,0.4549373090267181,-0.1766538769006729,0.4574457108974457,0.3778117001056671,-0.246175080537796,0.5558277368545532,0.2737212777137756,-0.2955241203308105,0.454631507396698,0.284293383359909,-0.2845098674297333,0.5379126071929932,0.6129874587059021,-0.001099151209928,0.4990102350711822,0.6166661977767944,0.0010005038930103,0.5528324246406555,0.6995872855186462,-0.2670455574989319,0.4734192192554474,0.6969547867774963,-0.2685296833515167,0.5490818619728088,0.7971763014793396,-0.071336381137371,0.4782038331031799,0.7951324582099915,-0.0828979238867759,1
117,0.508240818977356,0.4105898141860962,-0.2804841995239258,0.5398455858230591,0.4499984681606293,-0.1656789481639862,0.5616050958633423,0.3687167465686798,-0.2330967634916305,0.4824535250663757,0.4556826949119568,-0.1643902510404586,0.4574593901634216,0.380132794380188,-0.2293674945831298,0.5559022426605225,0.2748362421989441,-0.2773746252059936,0.4546699225902557,0.2864209711551666,-0.2672035098075866,0.5378248691558838,0.6149485111236572,-0.0011920240940526,0.4989272356033325,0.6182939410209656,0.0010934775928035,0.5528749227523804,0.6991298794746399,-0.2832237482070923,0.4729841351509094,0.6973546147346497,-0.2684268951416015,0.5491751432418823,0.7971897125244141,-0.092446856200695,0.4782105684280395,0.7948622107505798,-0.0863668844103813,1
118,0.5082972049713135,0.41262286901474,-0.2845545411109924,0.5399638414382935,0.4515129029750824,-0.1686018109321594,0.561720609664917,0.3689098358154297,-0.2452843636274337,0.4824872314929962,0.4572391211986542,-0.1692236959934234,0.4578072726726532,0.3817611038684845,-0.2346917986869812,0.556035041809082,0.2762531042098999,-0.2935258150100708,0.4546855092048645,0.2885871529579162,-0.271729439496994,0.5377987027168274,0.6165657639503479,-0.0012118280865252,0.4986486434936523,0.6206031441688538,0.0011125683085992,0.5529184341430664,0.6990329027175903,-0.2916698753833771,0.4727725386619568,0.6990129947662354,-0.275217592716217,0.5492136478424072,0.7972701191902161,-0.1017763242125511,0.4782402813434601,0.7948562502861023,-0.0916969552636146,1
119,0.5084656476974487,0.4144309163093567,-0.2904971241950989,0.5399161577224731,0.4542979300022125,-0.1714925169944763,0.5617836713790894,0.3709683120250702,-0.2461904436349868,0.4824618399143219,0.4588412046432495,-0.1701932847499847,0.4569304585456848,0.3838084042072296,-0.2349167615175247,0.5560271143913269,0.2770685255527496,-0.2935085594654083,0.454577773809433,0.2898159027099609,-0.2727422714233398,0.5377930402755737,0.6182279586791992,-0.0012124243658035,0.4986491799354553,0.6217180490493774,0.0011129589984193,0.552933931350708,0.6991111040115356,-0.2968886792659759,0.4726510047912597,0.6997088193893433,-0.2833670675754547,0.5491179823875427,0.7972663640975952,-0.0960217788815498,0.4782299101352691,0.7948617339134216,-0.0909323245286941,1
120,0.5082719326019287,0.4143542051315307,-0.2733024060726166,0.53989177942276,0.4549293220043182,-0.1622881889343261,0.5621183514595032,0.3763770461082458,-0.2296786457300186,0.4825740754604339,0.4602591693401336,-0.1616701930761337,0.4574070870876312,0.3845003247261047,-0.2254792302846908,0.5561895966529846,0.2800682485103607,-0.2722414433956146,0.4549918174743652,0.2904111742973327,-0.2619636356830597,0.5376522541046143,0.6205389499664307,-0.0012803694698959,0.4985737204551697,0.6238619089126587,0.0011811748845502,0.5528025031089783,0.6991124153137207,-0.2909621000289917,0.4719914495944977,0.7013744711875916,-0.2758349776268005,0.5491387248039246,0.79764324426651,-0.1008842512965202,0.4782433807849884,0.796318769454956,-0.0929558202624321,1
121,0.5082492232322693,0.4156005680561065,-0.2775982916355133,0.539462685585022,0.4559339582920074,-0.1632445454597473,0.5621826648712158,0.376440018415451,-0.2330037802457809,0.4825966954231262,0.4608720541000366,-0.169343814253807,0.4574123024940491,0.3885490000247955,-0.2373798340559005,0.5561628341674805,0.2799133062362671,-0.2753240466117859,0.4549874365329742,0.291570782661438,-0.2746997475624084,0.5370927453041077,0.621700644493103,-0.0011056232033297,0.4984597861766815,0.625277578830719,0.0009978371672332,0.5527881383895874,0.7016193270683289,-0.2862029671669006,0.4715164601802826,0.704099178314209,-0.2754369676113128,0.5491026639938354,0.7977538108825684,-0.0898717418313026,0.4781897962093353,0.796759307384491,-0.0865631178021431,1
122,0.5080943703651428,0.4160741865634918,-0.285412460565567,0.5389972925186157,0.4564413726329803,-0.1686668694019317,0.5621726512908936,0.3777312934398651,-0.2368426322937011,0.4825789630413055,0.4611258506774902,-0.1766180843114853,0.457427442073822,0.3891236782073974,-0.2448346316814422,0.5561968684196472,0.279899388551712,-0.2816258370876312,0.4550869166851043,0.2916122674942016,-0.2838062942028045,0.5363665819168091,0.6219597458839417,-0.0009619684424251,0.4980517625808716,0.6253372430801392,0.0008496631635352,0.552748441696167,0.7033718824386597,-0.2666437029838562,0.4708290994167328,0.704549252986908,-0.2685656249523163,0.5490845441818237,0.7989481091499329,-0.0827374011278152,0.4781967401504516,0.7967489361763,-0.084552377462387,1
123,0.5080551505088806,0.4161343872547149,-0.2957793474197387,0.5386610627174377,0.4566744267940521,-0.1806346923112869,0.5622487664222717,0.3782135844230652,-0.2567759156227112,0.482587456703186,0.461178183555603,-0.1826983988285064,0.4574440121650696,0.3891714215278625,-0.2524900734424591,0.5563395619392395,0.2799900472164154,-0.3045454025268554,0.4551605880260467,0.29158815741539,-0.2939987480640411,0.5361727476119995,0.6218881011009216,-0.0008812886080704,0.4977772533893585,0.6252650022506714,0.0007676082313992,0.5527051091194153,0.7033127546310425,-0.269015908241272,0.4708329141139984,0.7044454216957092,-0.2691570520401001,0.5488002896308899,0.7991471290588379,-0.0909657403826713,0.4782557487487793,0.7972691655158997,-0.0893201977014541,1
124,0.5080370306968689,0.4137078821659088,-0.2899064421653747,0.5390224456787109,0.4551534056663513,-0.1778763085603714,0.562370240688324,0.3764002621173858,-0.2555015981197357,0.4826730489730835,0.4603598117828369,-0.1798816323280334,0.4575866460800171,0.3886202573776245,-0.2519479691982269,0.5563715696334839,0.277964174747467,-0.3021456003189087,0.4552012979984283,0.2910115420818329,-0.2933320105075836,0.5358063578605652,0.6216463446617126,-0.00087757979054,0.4975537955760956,0.6247116923332214,0.0007636686787009,0.5524692535400391,0.703264057636261,-0.2639627158641815,0.4708422124385834,0.7039392590522766,-0.2691434919834137,0.5486615300178528,0.7998306751251221,-0.0930799767374992,0.4783249497413635,0.7976055145263672,-0.0948332920670509,1
125,0.5079596638679504,0.4114334881305694,-0.2921704053878784,0.5389987826347351,0.4533897638320923,-0.1791805326938629,0.5621698498725891,0.3739663064479828,-0.2536747753620147,0.4824657142162323,0.4588240385055542,-0.1853846609592437,0.457591563463211,0.3867936134338379,-0.2565454840660095,0.5564625263214111,0.2759771943092346,-0.3016315102577209,0.455013632774353,0.2907015085220337,-0.2941235303878784,0.5356327295303345,0.6207553744316101,-0.0002799265785142,0.4973146319389343,0.6231343746185303,0.000178060712642,0.5524585843086243,0.7034915685653687,-0.2311668395996093,0.4709093868732452,0.7034629583358765,-0.2667870819568634,0.5486651659011841,0.8014669418334961,-0.0659061595797538,0.4783432185649872,0.7976399064064026,-0.0908986330032348,1
126,0.5091260075569153,0.4076449275016784,-0.2916069328784942,0.5391439199447632,0.450057178735733,-0.173867255449295,0.5621707439422607,0.3713972568511963,-0.2391950786113739,0.4824803471565246,0.4548420906066894,-0.1847909390926361,0.4575923383235931,0.3826770782470703,-0.255044162273407,0.5565325021743774,0.2716368734836578,-0.2861519157886505,0.4553159177303314,0.2884351909160614,-0.2927513718605041,0.5353147983551025,0.6162388920783997,0.0007102044764906,0.4967958331108093,0.6195931434631348,-0.0008097133832052,0.5524594783782959,0.7031044363975525,-0.2292472720146179,0.4710054397583008,0.7029342651367188,-0.2607872784137726,0.5487934350967407,0.8032768964767456,-0.070820115506649,0.4783679842948913,0.7976211309432983,-0.0901703387498855,1
127,0.5085829496383667,0.4019078314304352,-0.309911847114563,0.5391485691070557,0.44389608502388,-0.1875745803117752,0.56209397315979,0.3645036220550537,-0.2569557130336761,0.4819766283035278,0.4496855735778808,-0.1941645592451095,0.4576098024845123,0.3779323101043701,-0.2642517387866974,0.5565047860145569,0.2664329409599304,-0.3036099374294281,0.4551774859428406,0.283161848783493,-0.3108128607273102,0.5349998474121094,0.6108035445213318,0.000750852341298,0.4964300692081451,0.6143767833709717,-0.0008493845816701,0.5526768565177917,0.7032763361930847,-0.1922972351312637,0.4710123836994171,0.7018558979034424,-0.2361587136983871,0.5492983460426331,0.8037938475608826,-0.0325101912021636,0.4783124327659607,0.7979654669761658,-0.0596181638538837,1
128,0.5082675218582153,0.3963536620140075,-0.3055152893066406,0.5391489267349243,0.4371938109397888,-0.1855435967445373,0.5616579055786133,0.3590920567512512,-0.2541767656803131,0.4817337691783905,0.4434857368469238,-0.1926032900810241,0.4575730860233307,0.3689572215080261,-0.2615559101104736,0.5564905405044556,0.2612216174602508,-0.2989858388900757,0.4564285576343536,0.2747170627117157,-0.3095235824584961,0.5347183346748352,0.60447096824646,0.0008368278504349,0.4960654079914093,0.6088351011276245,-0.0009319747332483,0.5528507828712463,0.7013665437698364,-0.1891012489795684,0.4710294306278229,0.698927640914917,-0.2339304536581039,0.549548864364624,0.8038705587387085,-0.0354162231087684,0.4782493710517883,0.7980855703353882,-0.061716690659523,1
129,0.5077760815620422,0.390439510345459,-0.3051694333553314,0.5391474962234497,0.4312952160835266,-0.1856535375118255,0.5612406134605408,0.354511022567749,-0.2557409405708313,0.4813863635063171,0.4367663264274597,-0.1897458285093307,0.4575828313827514,0.3635119199752807,-0.2518495321273803,0.556488573551178,0.2562735676765442,-0.2980941534042358,0.4568516910076141,0.2677069306373596,-0.2915479242801666,0.5340045690536499,0.5988014936447144,0.0006064301705919,0.495404452085495,0.603593647480011,-0.0007060539792291,0.5529753565788269,0.7000080943107605,-0.1763217449188232,0.4711678624153137,0.6975406408309937,-0.2139965444803238,0.5498697757720947,0.8038621544837952,-0.0323903337121009,0.4779429137706756,0.7984012961387634,-0.0527548901736736,1
130,0.5076972842216492,0.3785794377326965,-0.3036031424999237,0.5394838452339172,0.4265168309211731,-0.1878196597099304,0.5612431764602661,0.3496663570404053,-0.2626935541629791,0.4808631241321563,0.432027131319046,-0.1865267008543014,0.4570902287960052,0.3582839071750641,-0.2621967494487762,0.5563638210296631,0.2509647011756897,-0.3098129332065582,0.4555939137935638,0.2642624378204345,-0.3243261277675628,0.53402179479599,0.5931591391563416,0.0001934932079166,0.4950921833515167,0.5984475016593933,-0.000324703665683,0.552978515625,0.695504903793335,-0.1875637620687484,0.4712881743907928,0.6965994238853455,-0.2030167877674102,0.5499494671821594,0.8036032915115356,-0.0392320789396762,0.477908730506897,0.7988353967666626,-0.0404774621129035,1
131,0.507786214351654,0.3748074769973755,-0.3031997680664062,0.5394876003265381,0.4189292788505554,-0.1837088912725448,0.5610554218292236,0.342401921749115,-0.252600610256195,0.480519562959671,0.4234612584114074,-0.1835487782955169,0.4562834203243255,0.350454181432724,-0.2604618668556213,0.5560627579689026,0.2425682842731475,-0.2952652871608734,0.4555947184562683,0.2570502460002899,-0.3158372640609741,0.5339486598968506,0.5877584218978882,0.0002473116619512,0.4948887526988983,0.59322190284729,-0.0003830358327832,0.5529812574386597,0.692425012588501,-0.1927840113639831,0.4717840254306793,0.6937617063522339,-0.1983216702938079,0.5499125719070435,0.803604006767273,-0.0363291017711162,0.477847009897232,0.7989137768745422,-0.039343673735857,1
132,0.5072247982025146,0.3636737167835235,-0.2954093217849731,0.5392782092094421,0.4102482199668884,-0.1798137128353119,0.560477614402771,0.3302474915981293,-0.2445421814918518,0.4801669418811798,0.4145781397819519,-0.1795086413621902,0.4561853110790252,0.3390127122402191,-0.2532052993774414,0.555864691734314,0.235624223947525,-0.2877955436706543,0.4556346237659454,0.2459223121404647,-0.2994610667228699,0.5338926911354065,0.5831823348999023,0.0003494401753414,0.4946179389953613,0.5877021551132202,-0.0004918543854728,0.5527259707450867,0.6849628686904907,-0.1839038878679275,0.4731491506099701,0.6925485730171204,-0.1768349111080169,0.5499106049537659,0.8028266429901123,-0.037590604275465,0.4778198897838592,0.798683226108551,-0.0301352068781852,1
133,0.5065045952796936,0.3604455292224884,-0.2921164631843567,0.5392757654190063,0.4023559093475342,-0.1742001622915268,0.5603468418121338,0.318704217672348,-0.2337890565395355,0.4801652133464813,0.4081743955612182,-0.1721046417951584,0.4560359418392181,0.333296537399292,-0.2287573367357254,0.555861234664917,0.2250621020793914,-0.2732795476913452,0.4554905593395233,0.239344984292984,-0.2681930661201477,0.5338835120201111,0.5768588185310364,0.0001371441030642,0.4945377707481384,0.580005407333374,-0.0002750029088929,0.5526049137115479,0.6824465990066528,-0.1702062636613845,0.4740675389766693,0.6885594725608826,-0.1625526845455169,0.5499312877655029,0.801657497882843,-0.0363388583064079,0.4778156280517578,0.7992217540740967,-0.0290580708533525,1
134,0.5053554177284241,0.3531199991703033,-0.2909488677978515,0.5390965938568115,0.3958499133586883,-0.1743902117013931,0.5596650838851929,0.3154319822788238,-0.2373853772878646,0.48016557097435,0.3994548916816711,-0.1676922589540481,0.4559483230113983,0.3244847357273102,-0.2219829708337783,0.5557420253753662,0.2190420627593994,-0.2782679498195648,0.4553476870059967,0.2292324602603912,-0.2639183402061462,0.5339117646217346,0.5724743604660034,0.0001378096931148,0.4943712651729584,0.5748884081840515,-0.000275311700534,0.5524426102638245,0.6802986264228821,-0.1687202155590057,0.4746966660022735,0.685581386089325,-0.1610379517078399,0.5498021841049194,0.8004093170166016,-0.0288011077791452,0.4776900708675384,0.7988653779029846,-0.025488119572401,1
135,0.505240261554718,0.3448986113071441,-0.2910397946834564,0.5389541983604431,0.3902978003025055,-0.1744315028190612,0.5596031546592712,0.3094645142555237,-0.2373695075511932,0.4800514876842499,0.3943330943584442,-0.169714406132698,0.4559575021266937,0.3187909424304962,-0.2289594113826751,0.5556797385215759,0.2106654942035675,-0.2795791625976562,0.4552889168262481,0.2224120199680328,-0.2695465981960296,0.5338992476463318,0.5682344436645508,0.0002708170504774,0.4939897954463959,0.5709753632545471,-0.0004041530773974,0.5521142482757568,0.6809503436088562,-0.1113683953881263,0.4753607809543609,0.6850994825363159,-0.1264907121658325,0.5496162176132202,0.8003222942352295,0.0343054383993148,0.4776688516139984,0.7988026142120361,0.0208744462579488,1
136,0.5049079060554504,0.3295410573482513,-0.2878740429878235,0.5384436845779419,0.3818709254264831,-0.1742487996816635,0.5588176250457764,0.2984070479869842,-0.2380226105451584,0.4797198474407196,0.3862084448337555,-0.1686085015535354,0.4559618532657623,0.3106268048286438,-0.2314589619636535,0.555156409740448,0.2040219455957412,-0.2807377874851227,0.4553467035293579,0.2146109342575073,-0.272604763507843,0.5338824391365051,0.5628800988197327,0.0004901427892036,0.4938021004199981,0.5649407505989075,-0.0006228854763321,0.5514710545539856,0.6762083172798157,-0.1018998622894287,0.4757526218891144,0.6820060610771179,-0.114058718085289,0.5493115186691284,0.8004037141799927,0.0335599035024642,0.477281779050827,0.798780620098114,0.0247439108788967,1
137,0.5048766732215881,0.3287633657455444,-0.2948170900344848,0.5384394526481628,0.3734427988529205,-0.1809370219707489,0.5582714676856995,0.2901377975940704,-0.2576614022254944,0.4796373546123504,0.3768032491207123,-0.1709818989038467,0.456022173166275,0.3011221587657928,-0.2481647878885269,0.5550839900970459,0.1960855722427368,-0.3109793663024902,0.4552203416824341,0.2067469656467437,-0.3149844706058502,0.5339176654815674,0.5579782128334045,0.000482454575831,0.4937955737113952,0.5588473677635193,-0.0006131769623607,0.5503342747688293,0.6754478216171265,-0.0499391891062259,0.4765343964099884,0.6794151067733765,-0.0778795927762985,0.5491535663604736,0.8007763624191284,0.0871538147330284,0.4771400690078735,0.7987763285636902,0.0671489015221595,1
138,0.5044821500778198,0.3192738890647888,-0.3043716549873352,0.5380335450172424,0.3651800751686096,-0.186438649892807,0.5574378967285156,0.2815976142883301,-0.2590302228927612,0.479402631521225,0.3698032796382904,-0.179826334118843,0.4559037089347839,0.2935999929904938,-0.2530072033405304,0.5550066828727722,0.185879573225975,-0.3079901933670044,0.455328494310379,0.1966250240802765,-0.3101190030574798,0.5339166522026062,0.5518203377723694,0.000537532789167,0.4937596321105957,0.5531855821609497,-0.0006631828146055,0.549602746963501,0.6708200573921204,-0.0453973487019538,0.4777288436889648,0.6763907074928284,-0.0749682858586311,0.5490125417709351,0.8008406758308411,0.0913579165935516,0.4771078824996948,0.7979543805122375,0.0716537907719612,1
139,0.5044583678245544,0.3150817155838012,-0.3107988238334656,0.5379188060760498,0.3581912517547607,-0.1886135190725326,0.55724036693573,0.2730069160461426,-0.2570856511592865,0.4794016480445862,0.3630350530147552,-0.1839203089475631,0.4558983743190765,0.2844851016998291,-0.2509782016277313,0.5544521808624268,0.1732474565505981,-0.3056913316249847,0.4555859863758087,0.1892527341842651,-0.3074093163013458,0.5339182615280151,0.5439067482948303,0.0002617618010845,0.4937341511249542,0.546401858329773,-0.0003837133699562,0.5477825403213501,0.670152485370636,-0.0202561672776937,0.4787517786026001,0.6710349321365356,-0.0553125888109207,0.5482804179191589,0.8001090884208679,0.1095131710171699,0.4770555198192596,0.7952936887741089,0.0872217938303947,1
140,0.5044189691543579,0.3083904385566711,-0.2970997989177704,0.5378592014312744,0.3521400392055511,-0.1765359044075012,0.5570186972618103,0.2661953568458557,-0.2533685863018036,0.4793509244918823,0.3562973141670227,-0.1643690466880798,0.455897182226181,0.2769884169101715,-0.2379249185323715,0.554449737071991,0.1707131564617157,-0.3052516281604767,0.4556960165500641,0.1829939633607864,-0.3054516911506653,0.5340354442596436,0.5380613207817078,-0.0018837309908121,0.4938141405582428,0.5404441952705383,0.0018004757585003,0.5446266531944275,0.6667431592941284,-0.0140980426222085,0.4794288575649261,0.6698791980743408,-0.0381457954645156,0.5482791066169739,0.8001399636268616,0.1167329177260398,0.4769558012485504,0.7950760722160339,0.1015953198075294,1
141,0.5044162273406982,0.3028782904148102,-0.2972139120101928,0.5372852683067322,0.3467156887054443,-0.1757303029298782,0.5565294027328491,0.2606370151042938,-0.2432664334774017,0.479110836982727,0.3527179360389709,-0.1669824123382568,0.4559273719787597,0.2722581028938293,-0.2384135723114013,0.5537837147712708,0.1636034697294235,-0.2898549437522888,0.4557425379753113,0.1782286763191223,-0.2941765189170837,0.5340352654457092,0.5373202562332153,-0.0014111236669123,0.4937975704669952,0.5396226048469543,0.0013314329553395,0.5429491400718689,0.6669781804084778,0.0103103267028927,0.4798697531223297,0.6683015823364258,-0.0160699300467968,0.5483189821243286,0.8000488877296448,0.1457894742488861,0.4766915738582611,0.7945868372917175,0.1262588649988174,1
142,0.5044915080070496,0.2966188490390777,-0.2876684963703155,0.537288248538971,0.3379960656166076,-0.1656936854124069,0.5563586354255676,0.2537307143211365,-0.2438452541828155,0.4791241288185119,0.3460201621055603,-0.1574606001377105,0.4557142853736877,0.2649756371974945,-0.2345028966665268,0.5527986288070679,0.1539460867643356,-0.3045432865619659,0.4551381170749664,0.1692141890525818,-0.2928201556205749,0.534226655960083,0.5334909558296204,-0.0027770570013672,0.4938765168190002,0.5360211133956909,0.0027153303381055,0.5421156287193298,0.6657623052597046,-0.0046951179392635,0.4802544414997101,0.6667556166648865,-0.0238539539277553,0.5483132600784302,0.7999758124351501,0.1303655356168747,0.476645678281784,0.7948533296585083,0.1185468360781669,1
143,0.5043343901634216,0.2891435325145721,-0.3110908567905426,0.5364920496940613,0.3339583277702331,-0.1756496131420135,0.5561901330947876,0.244184598326683,-0.2533971667289734,0.4786712527275085,0.3393921852111816,-0.1751279681921005,0.4554502665996551,0.2558936476707458,-0.2616704106330871,0.5517533421516418,0.1431995183229446,-0.3159298598766327,0.4549401402473449,0.1610849946737289,-0.3322779238224029,0.5340979099273682,0.5280374884605408,-0.0027283737435936,0.4934917986392975,0.5317040681838989,0.0026551668997853,0.5410730838775635,0.6652137041091919,0.0065754214301705,0.4806496500968933,0.6659731268882751,-0.0053295260295271,0.5487739443778992,0.7999551296234131,0.1545750349760055,0.4766174554824829,0.7945494055747986,0.1471862196922302,1
144,0.5042999386787415,0.2814415395259857,-0.2619734704494476,0.5366944074630737,0.3268754482269287,-0.1304022520780563,0.5555698275566101,0.2393203973770141,-0.2024503052234649,0.4786787331104278,0.334500104188919,-0.1247641369700431,0.4554224908351898,0.2530771195888519,-0.1959426254034042,0.5509293675422668,0.1409263163805008,-0.2675099670886993,0.4551506340503692,0.1588226556777954,-0.2607291042804718,0.5339934825897217,0.524534285068512,-0.0026689618825912,0.4925467371940613,0.5282452702522278,0.0025941848289221,0.5399119257926941,0.663081169128418,0.0197617933154106,0.4819499254226684,0.6658185124397278,0.0126256942749023,0.5489476919174194,0.801338791847229,0.1529701352119445,0.476175457239151,0.7982328534126282,0.1489332616329193,1
145,0.5042853951454163,0.2783417403697967,-0.2916492819786072,0.5358783006668091,0.3252791464328766,-0.1341943442821502,0.5547071695327759,0.2359102070331573,-0.2302777767181396,0.4774968922138214,0.3304838538169861,-0.1635856479406356,0.4552221000194549,0.2497218698263168,-0.2647974193096161,0.5505889058113098,0.1384831517934799,-0.313184380531311,0.4547492861747741,0.153979942202568,-0.3474287688732147,0.5334465503692627,0.5206964612007141,0.000278030114714,0.4922976493835449,0.5252417922019958,-0.0004179142124485,0.5394936800003052,0.6619565486907959,0.0298648048192262,0.4826958477497101,0.6653349995613098,0.0226068533957004,0.5491077303886414,0.8017365336418152,0.172643631696701,0.4761714339256286,0.7986082434654236,0.1654980182647705,1
146,0.503882646560669,0.2771196663379669,-0.2846970558166504,0.5358785390853882,0.3205763101577759,-0.1421100795269012,0.5543688535690308,0.2324366718530655,-0.2208478450775146,0.4776072204113006,0.3281146287918091,-0.1487182527780532,0.4542042016983032,0.246882826089859,-0.2579438686370849,0.5505324602127075,0.137309119105339,-0.2960261702537536,0.454670786857605,0.1528583019971847,-0.3326945602893829,0.5331282615661621,0.5174844264984131,0.0002608019858598,0.492123544216156,0.5216965079307556,-0.0003959574678447,0.5392868518829346,0.6592606902122498,0.0248045269399881,0.4844765663146972,0.6615335941314697,0.0188222397118806,0.5493510961532593,0.8018772602081299,0.1587417721748352,0.4763001203536987,0.7971439361572266,0.1551499366760254,1
147,0.5038971900939941,0.2734628319740295,-0.2831928431987762,0.5358377695083618,0.3188143670558929,-0.1433613896369934,0.5539578795433044,0.2285009175539016,-0.2158754765987396,0.4772801399230957,0.3280214667320251,-0.1497537344694137,0.4543719291687011,0.244424358010292,-0.2515169084072113,0.5500448942184448,0.1298386007547378,-0.2865381240844726,0.4545824825763702,0.1485463231801986,-0.3301094770431518,0.5328739881515503,0.5172895193099976,-8.239662565756589e-05,0.4920643866062164,0.5211209058761597,-5.950200284132734e-05,0.5390403270721436,0.6586605310440063,0.025803992524743,0.4860277473926544,0.6609360575675964,0.0302350018173456,0.5494696497917175,0.8016738891601562,0.1650061458349228,0.4770925641059875,0.7973740696907043,0.169028490781784,1
148,0.5039200186729431,0.2708298861980438,-0.2585902512073517,0.5358378887176514,0.3171243965625763,-0.1160188689827919,0.5536011457443237,0.2274737954139709,-0.1714787930250167,0.4770397245883941,0.3262313902378082,-0.1279549747705459,0.4538100063800812,0.242020383477211,-0.1997817903757095,0.5498751401901245,0.1307965666055679,-0.2291644066572189,0.4545847177505493,0.147062674164772,-0.2515131831169128,0.532085657119751,0.5171285271644592,0.0002212264662375,0.4914275705814361,0.5214249491691589,-0.0003552470298018,0.53900545835495,0.6584512591362,0.0378630720078945,0.4865343868732452,0.6610600352287292,0.0321631841361522,0.5495665073394775,0.8017193078994751,0.1698067784309387,0.477370947599411,0.7982380390167236,0.1673459112644195,1
149,0.5037888288497925,0.2718844711780548,-0.2624070048332214,0.5344955325126648,0.3171761333942413,-0.1243974864482879,0.5524396300315857,0.2279761582612991,-0.1920250207185745,0.4762824773788452,0.3253421783447265,-0.1353063285350799,0.4538688957691192,0.2397195547819137,-0.2070638835430145,0.5497585535049438,0.1296150237321853,-0.2380778938531875,0.4549170732498169,0.1456855684518814,-0.2758939862251282,0.5319958925247192,0.5171079039573669,0.0020077086519449,0.4913319647312164,0.5214394330978394,-0.0021306171547621,0.5393257737159729,0.6584861278533936,0.0376566089689731,0.4867677986621856,0.6611227989196777,0.028687335550785,0.5498822331428528,0.8006954789161682,0.1720928102731704,0.478015273809433,0.7978249192237854,0.165660485625267,1
150,0.503616988658905,0.2709359228610992,-0.2594813406467438,0.5345270037651062,0.3171934187412262,-0.1243652179837226,0.5519645810127258,0.2286881208419799,-0.1924717277288437,0.4763131439685821,0.3257871568202972,-0.1309176236391067,0.4538758397102356,0.2400559335947036,-0.2100629359483719,0.5497555136680603,0.1298322528600692,-0.2551200985908508,0.4549154341220855,0.1460407078266143,-0.2786816954612732,0.5314068794250488,0.5172685384750366,0.001687973504886,0.4905571341514587,0.5215759873390198,-0.0018110198434442,0.5391262173652649,0.6583573222160339,0.036252062767744,0.4867414236068725,0.6613184213638306,0.0299566946923732,0.5498100519180298,0.8007182478904724,0.1691910475492477,0.4778948426246643,0.7988772988319397,0.1645019650459289,1
151,0.5035695433616638,0.2722075879573822,-0.2580492794513702,0.5333109498023987,0.3174319863319397,-0.1230252906680107,0.5503119826316833,0.2280323505401611,-0.1935155391693115,0.4751256108283996,0.3260634541511535,-0.1335290521383285,0.4538733065128326,0.2407565116882324,-0.2143675684928894,0.5484039783477783,0.1303297132253646,-0.2795647382736206,0.4552174508571625,0.1461473256349563,-0.2733549773693084,0.5310336351394653,0.5172472596168518,0.0016589858569204,0.49014812707901,0.5214936137199402,-0.0017827212577685,0.5396536588668823,0.6577758193016052,0.0314576141536235,0.4867197573184967,0.6613665819168091,0.0281359925866127,0.5504645705223083,0.8003124594688416,0.1672516912221908,0.4781441688537597,0.7979435324668884,0.1634373217821121,1
152,0.5034101605415344,0.2719517350196838,-0.264701783657074,0.5332890748977661,0.3173606395721435,-0.1250605881214141,0.550271213054657,0.2282784879207611,-0.2140597403049469,0.4751403629779815,0.3261531591415405,-0.1338310688734054,0.4533948302268982,0.2411835044622421,-0.2430244386196136,0.5484178066253662,0.1304744184017181,-0.2990423142910003,0.4551363289356231,0.1465119421482086,-0.3347509205341339,0.5298096537590027,0.5152281522750854,0.0014414290199056,0.4894577264785766,0.5194329619407654,-0.0015838112449273,0.539020299911499,0.657370924949646,0.0292310174554586,0.4867001175880432,0.6613068580627441,0.0285065360367298,0.5504457354545593,0.8003774881362915,0.1575676947832107,0.4781822860240936,0.7975694537162781,0.1606098264455795,1
153,0.5032883882522583,0.2712156474590301,-0.2655724883079529,0.533309817314148,0.3169417083263397,-0.1264148354530334,0.5504056215286255,0.2276940494775772,-0.2080049216747284,0.4751459658145904,0.3262149691581726,-0.1344809234142303,0.4534691572189331,0.2404819279909134,-0.2115291208028793,0.5478208661079407,0.1300895363092422,-0.2769756913185119,0.455226331949234,0.1456165313720703,-0.2610436081886291,0.5298540592193604,0.5153411030769348,-0.0019244346767663,0.4894263446331024,0.5195138454437256,0.0017848665593191,0.5394137501716614,0.6572194695472717,0.0315871499478817,0.4866869747638702,0.6615182161331177,0.0399406142532825,0.550885796546936,0.7981647253036499,0.1782550811767578,0.478325217962265,0.7957258820533752,0.1847942322492599,1
154,0.5032451152801514,0.2727164328098297,-0.2389687150716781,0.5332849621772766,0.3161242306232452,-0.099528007209301,0.5505226254463196,0.2275174558162689,-0.1542514860630035,0.4751507341861725,0.3260557353496551,-0.1135646998882293,0.4534152448177337,0.24062180519104,-0.1820877343416214,0.5477440357208252,0.1295698285102844,-0.210955873131752,0.4551093876361847,0.1475637406110763,-0.2305169254541397,0.5296801924705505,0.5154465436935425,-0.0002482010459061,0.48929363489151,0.5195800065994263,0.0001399280008627,0.5393888354301453,0.6571726202964783,0.034794382750988,0.4866779148578644,0.66152423620224,0.034184381365776,0.5506938099861145,0.798333466053009,0.170845165848732,0.4783704876899719,0.7958542108535767,0.1651038527488708,1
155,0.5032373666763306,0.2728604972362518,-0.2397542893886566,0.5333160758018494,0.3163799941539764,-0.1046527326107025,0.5504887700080872,0.2289004772901535,-0.1731289327144622,0.4752717316150665,0.3261010646820068,-0.1076420396566391,0.4534163177013397,0.2413097769021988,-0.1862623244524002,0.547591507434845,0.1300592869520187,-0.235461801290512,0.4550532698631286,0.1489801257848739,-0.2495532631874084,0.5296956896781921,0.5155214667320251,-0.0029717392753809,0.4893048107624054,0.5196456909179688,0.002860850887373,0.5395224094390869,0.656887412071228,0.0200906600803136,0.4866369366645813,0.661732017993927,0.0335056409239769,0.5510538220405579,0.7988290786743164,0.1500594168901443,0.478414922952652,0.7958348989486694,0.1639286577701568,1
156,0.5020616054534912,0.2727755010128021,-0.2633131742477417,0.5342894196510315,0.3160619139671325,-0.1319971829652786,0.5510534644126892,0.2290806025266647,-0.2012028694152832,0.4752791225910187,0.3254845738410949,-0.1266372352838516,0.4534756541252136,0.2414900064468383,-0.2074921876192093,0.5474348068237305,0.1313280910253524,-0.2572277784347534,0.4550575315952301,0.1486554443836212,-0.2833077013492584,0.5303963422775269,0.5155075192451477,-0.002020523417741,0.4892883598804474,0.5196865797042847,0.0019047003006562,0.5395383834838867,0.6563835740089417,0.0215135775506496,0.4867536425590515,0.6591148376464844,0.0302901864051818,0.5507602095603943,0.7987684011459351,0.1562688946723938,0.4783466756343841,0.7954995036125183,0.1639249175786972,1
157,0.5018830895423889,0.2701044380664825,-0.2880091667175293,0.5342913866043091,0.3160718977451324,-0.1494162231683731,0.5511200428009033,0.2282510548830032,-0.2202533334493637,0.4752057194709778,0.3250904679298401,-0.1580459028482437,0.4531541466712951,0.2409451007843017,-0.2525237202644348,0.5476304292678833,0.1313147097826004,-0.2852235734462738,0.4546725153923034,0.1475405991077423,-0.3296605944633484,0.5304110646247864,0.5153564214706421,0.0009108546655625,0.4892885386943817,0.5196368098258972,-0.0010615629144012,0.5395437479019165,0.656170666217804,0.0313286483287811,0.4867719709873199,0.6586690545082092,0.0303120333701372,0.5506513118743896,0.7987756133079529,0.1773950308561325,0.4783847630023956,0.7955344915390015,0.1725563555955886,1
158,0.5017209649085999,0.2698362171649933,-0.2809405922889709,0.534292459487915,0.316017210483551,-0.1425092667341232,0.5511379241943359,0.2298822253942489,-0.2133293002843856,0.4752275049686432,0.3250112235546112,-0.1487338691949844,0.4529462158679962,0.2411104291677475,-0.2394910454750061,0.548543393611908,0.1334837526082992,-0.2846368253231048,0.4547054171562195,0.1475519388914108,-0.3086672723293304,0.5306364893913269,0.5153589844703674,0.0009288876899518,0.4892868995666504,0.5196021199226379,-0.0010756298433989,0.5396398305892944,0.6559867858886719,0.0326206497848033,0.4868472814559936,0.6578673720359802,0.0302104596048593,0.5506879687309265,0.7982816100120544,0.1764108091592788,0.4784664511680603,0.7957039475440979,0.1714925467967987,1
159,0.5014116168022156,0.2702154815196991,-0.2718394696712494,0.5342816114425659,0.3160566985607147,-0.1344389468431472,0.5513221621513367,0.2292210757732391,-0.1957397162914276,0.475335031747818,0.3250046372413635,-0.1452915519475937,0.4528467059135437,0.2419173568487167,-0.2273699194192886,0.5487916469573975,0.1331614404916763,-0.2550013959407806,0.4545238316059112,0.1477305889129638,-0.2877719700336456,0.5305945873260498,0.5154179334640503,0.0014129726914688,0.4892768859863281,0.5196302533149719,-0.0015578621532768,0.5396222472190857,0.6561315655708313,0.0337738655507564,0.4868638813495636,0.6579973697662354,0.0291415452957153,0.5506870746612549,0.7982884645462036,0.175382912158966,0.4779596626758575,0.7958381175994873,0.1700928956270218,1
160,0.5012696385383606,0.2704840004444122,-0.2826552093029022,0.5342751741409302,0.3161172568798065,-0.1481797099113464,0.5514677166938782,0.2293014377355575,-0.226048395037651,0.4753399193286896,0.3250146508216858,-0.1526847332715988,0.4528474807739258,0.2426196634769439,-0.2441610991954803,0.5488506555557251,0.1332202404737472,-0.2976059913635254,0.4545153379440307,0.1480244845151901,-0.3204365968704223,0.5308817028999329,0.5154284238815308,0.0012943757465109,0.4893229603767395,0.5196425914764404,-0.0014418315840885,0.5397751927375793,0.6561311483383179,0.031204555183649,0.486938327550888,0.6580003499984741,0.0292321443557739,0.5507080554962158,0.7977099418640137,0.1746229380369186,0.477963387966156,0.7950041890144348,0.1709441244602203,1
161,0.501273512840271,0.2705711722373962,-0.2852301597595215,0.534534215927124,0.3161274790763855,-0.1464543640613556,0.5522103905677795,0.2292974442243576,-0.2092639654874801,0.4755120277404785,0.3250145614147186,-0.1496851444244384,0.4526559710502624,0.2435390949249267,-0.2411201149225235,0.5496675372123718,0.1338826268911361,-0.2593467831611633,0.4545883536338806,0.150480255484581,-0.3122751414775848,0.5309322476387024,0.5153265595436096,0.0011387874837964,0.4893259108066559,0.519652247428894,-0.0012817449169233,0.5394536852836609,0.6556960344314575,0.0310488250106573,0.4871423840522766,0.658019483089447,0.029778866097331,0.5504338145256042,0.7979322671890259,0.1725306510925293,0.4779668748378753,0.7956536412239075,0.1707487553358078,1
162,0.501328706741333,0.2709947526454925,-0.2973423600196838,0.5341023802757263,0.3169519603252411,-0.1530170887708664,0.5522106289863586,0.2298370748758316,-0.2191586643457412,0.4754938185214996,0.3243643939495086,-0.167351558804512,0.4525633156299591,0.242784634232521,-0.270401656627655,0.5496642589569092,0.1341755092144012,-0.2846711575984955,0.4545218050479889,0.149867370724678,-0.3591427803039551,0.5309493541717529,0.5148153901100159,0.0026288654189556,0.4893617630004883,0.5191166996955872,-0.0027944785542786,0.5396288633346558,0.655114471912384,0.0300025437027215,0.4871527254581451,0.6575191617012024,0.0261420775204896,0.5503513813018799,0.7973440289497375,0.1701316237449646,0.4779742658138275,0.7955741882324219,0.1650977581739425,1
163,0.501395046710968,0.271026074886322,-0.2732018828392029,0.534343421459198,0.3169572949409485,-0.1380286961793899,0.5524294376373291,0.2299632281064987,-0.2010690122842788,0.4756866693496704,0.3244489431381225,-0.1372034102678299,0.4524537920951843,0.2438345402479171,-0.2274176776409149,0.549797773361206,0.1341750472784042,-0.2557727396488189,0.4545316994190216,0.151221826672554,-0.314543753862381,0.5309770107269287,0.5147960782051086,0.0015712396707385,0.4893406927585602,0.5192119479179382,-0.0017144781304523,0.5395931005477905,0.6552159786224365,0.0251822378486394,0.487144261598587,0.6576539278030396,0.0263043157756328,0.5502882599830627,0.7973127961158752,0.1640382409095764,0.4779581129550934,0.7959994673728943,0.1639275997877121,1
164,0.5013965964317322,0.2711594998836517,-0.2985581457614898,0.5345875024795532,0.3169416487216949,-0.1651067286729812,0.5528261065483093,0.2290443331003189,-0.2507913708686828,0.4760977327823639,0.3245168924331665,-0.1610007882118225,0.4527803957462311,0.2438280135393142,-0.2617172300815582,0.5499891638755798,0.1338028609752655,-0.3264331817626953,0.4545293152332306,0.150644913315773,-0.3580036759376526,0.5311592221260071,0.5147753953933716,0.0010643393034115,0.4894596338272095,0.51905357837677,-0.0012162820203229,0.5396965146064758,0.6549043655395508,0.0238586142659187,0.4871740639209747,0.6572266221046448,0.0260595474392175,0.5502840280532837,0.7973681688308716,0.1628756672143936,0.4780729413032532,0.7959299683570862,0.1638350039720535,1
165,0.5014368891716003,0.2710963785648346,-0.2947713732719421,0.5345693230628967,0.3178373277187347,-0.1594372242689132,0.5531520843505859,0.2310468852519989,-0.2389104962348938,0.4761132895946502,0.3250177204608917,-0.1596176773309707,0.4527640640735626,0.244080439209938,-0.2550934851169586,0.5505666136741638,0.136027306318283,-0.3013128936290741,0.4545339345932007,0.1504314839839935,-0.3519582450389862,0.5311673283576965,0.5147697925567627,0.0014906979631632,0.4894794523715973,0.519066572189331,-0.0016429163515567,0.5397045612335205,0.655326783657074,0.0284681897610425,0.4871779978275299,0.6572678685188293,0.0259141810238361,0.5506009459495544,0.7976288795471191,0.1629972606897354,0.4780432283878326,0.7960335612297058,0.161292552947998,1
166,0.5018857717514038,0.2713319063186645,-0.2826005816459656,0.5348840355873108,0.3177996575832367,-0.1492578238248825,0.5545105338096619,0.2310115396976471,-0.2164666503667831,0.4761496186256408,0.3245096802711487,-0.1450709551572799,0.4523958265781402,0.2441012114286422,-0.2290121018886566,0.5507708191871643,0.1360502690076828,-0.2736268639564514,0.4544229507446289,0.1505206525325775,-0.3107089400291443,0.5313315987586975,0.5147424340248108,-0.0002061291888821,0.4895058870315552,0.5190206170082092,7.461902714567259e-05,0.539619505405426,0.6552988886833191,0.0238105952739715,0.487177699804306,0.6572359800338745,0.026450365781784,0.5506552457809448,0.7976447939872742,0.1592736691236496,0.4779868423938751,0.7959774732589722,0.161390483379364,1
167,0.5020885467529297,0.2713556587696075,-0.2849879860877991,0.5349987149238586,0.318611741065979,-0.1498483121395111,0.5576945543289185,0.2336554825305938,-0.2143628895282745,0.4761385321617126,0.3250845670700073,-0.1487580090761184,0.4517025351524353,0.2468178868293762,-0.2372373640537262,0.5516234040260315,0.1383570581674575,-0.2721047699451446,0.4540740847587585,0.1522423326969146,-0.32573401927948,0.5314550995826721,0.5146379470825195,0.0004449848784133,0.4895249307155609,0.5188893675804138,-0.0005817645578645,0.5396716594696045,0.6552844643592834,0.0267441011965274,0.4871991276741028,0.6571111679077148,0.0213458370417356,0.550696611404419,0.7976462244987488,0.1576604098081588,0.4782126247882843,0.7960144877433777,0.1501382440328598,1
168,0.5020801424980164,0.2716653347015381,-0.2229144722223281,0.5350082516670227,0.3205052018165588,-0.097132034599781,0.560083270072937,0.2401428818702697,-0.151230439543724,0.4762405753135681,0.3264673054218292,-0.0841681882739067,0.4495144188404083,0.2514567077159881,-0.1414236426353454,0.5516449213027954,0.1462219953536987,-0.1988745480775833,0.4534169137477875,0.1573255062103271,-0.198953777551651,0.5314667224884033,0.5146830081939697,-0.0037911818362772,0.4894458651542663,0.5191488265991211,0.0037130035925656,0.5394450426101685,0.6553323268890381,0.0153122739866375,0.4871988594532013,0.6575915217399597,0.0218141879886388,0.5507393479347229,0.7977144122123718,0.1371724903583526,0.4780295789241791,0.7961317300796509,0.1470150351524353,1
169,0.5021441578865051,0.271731823682785,-0.2414403110742569,0.5362408757209778,0.3207035958766937,-0.0913176834583282,0.5640583038330078,0.2469900846481323,-0.1294348537921905,0.4758242666721344,0.3272139430046081,-0.0954611077904701,0.4434163272380829,0.2590313553810119,-0.1437179893255233,0.5527565479278564,0.1578718870878219,-0.1811190247535705,0.4496946036815643,0.1651374995708465,-0.1979663521051406,0.5315092206001282,0.5146598815917969,-0.0034536872990429,0.4894219934940338,0.5191488265991211,0.0034001050516963,0.5394471883773804,0.6547020077705383,0.0232131797820329,0.487275093793869,0.6575709581375122,0.0223664809018373,0.5507285594940186,0.7960866093635559,0.147173061966896,0.4780892729759216,0.7957596182823181,0.1490221321582794,0
170,0.5023532509803772,0.2720849215984344,-0.145576536655426,0.5370967388153076,0.3214106559753418,0.0052160038612782,0.5684047937393188,0.2570843994617462,-0.0413414575159549,0.4757320284843445,0.3297566175460815,0.0032413112930953,0.438502699136734,0.2695988416671753,-0.040718700736761,0.5530378222465515,0.1724280565977096,-0.101429782807827,0.4480324685573578,0.1800976395606994,-0.101194329559803,0.5320638418197632,0.5147216320037842,-0.0039473730139434,0.4898030161857605,0.5192012786865234,0.0039514531381428,0.5394042134284973,0.654682457447052,0.0232571903616189,0.4874142706394195,0.6585643887519836,0.0175263881683349,0.5505598783493042,0.7962262034416199,0.1383174210786819,0.4780870079994201,0.7963714599609375,0.1325606554746627,0
171,0.502261757850647,0.272776186466217,-0.1182540953159332,0.5371301174163818,0.324895441532135,0.0291520096361637,0.5727902054786682,0.2748987972736358,-0.0050794812850654,0.4756178855895996,0.3311092853546142,0.0284030698239803,0.4350404441356659,0.2829152345657348,-0.0087684225291013,0.5536690950393677,0.1911484599113464,-0.0442924685776233,0.4457294046878814,0.1940734386444091,-0.0569273717701435,0.5319492220878601,0.515548586845398,-0.0038266356568783,0.4898324012756347,0.5196489691734314,0.0038007562980055,0.5391623377799988,0.6547470688819885,0.0113307200372219,0.4874007999897003,0.6585332155227661,0.0083431154489517,0.5504928231239319,0.7963576316833496,0.1044478341937065,0.4781090319156647,0.795400857925415,0.1069599911570549,0
172,0.502204954624176,0.2735139727592468,-0.0989769250154495,0.5374091863632202,0.325870931148529,0.0351552329957485,0.5812587141990662,0.295680820941925,-0.0151861011981964,0.4751199185848236,0.3316666185855865,0.058793619275093,0.4289212524890899,0.3027201294898987,0.039338182657957,0.5569798350334167,0.2139303982257843,-0.068941481411457,0.4410178959369659,0.21468086540699,0.0055217067711055,0.5319188237190247,0.515117883682251,-0.0062730652280151,0.4900221228599548,0.5192211866378784,0.0062604821287095,0.5390087962150574,0.653863787651062,-0.0171395167708396,0.4876439869403839,0.6589516997337341,-0.0030837580561637,0.5503290891647339,0.7946249842643738,0.066089354455471,0.4781247675418854,0.7936109304428101,0.0814259201288223,0
173,0.5023743510246277,0.2757161557674408,-0.1047936305403709,0.5377073884010315,0.3278338313102722,0.0283409748226404,0.585769534111023,0.314744234085083,-0.0268829949200153,0.4752885103225708,0.3344227969646454,0.0592423640191555,0.4277935624122619,0.3275296688079834,0.0420921705663204,0.5608705282211304,0.2400323301553726,-0.0952313989400863,0.4360636472702026,0.2427849620580673,-0.0095192668959498,0.5315610766410828,0.5151152014732361,-0.0104921124875545,0.4903545081615448,0.5192081332206726,0.0104765305295586,0.538738489151001,0.6539982557296753,-0.0336309745907783,0.4876296818256378,0.6595776081085205,-0.0076476451940834,0.5501712560653687,0.7945598363876343,0.050662025809288,0.4781695306301117,0.7921785712242126,0.0738563984632492,0
174,0.5029691457748413,0.2772691249847412,-0.1233005449175834,0.5384439826011658,0.3313624560832977,0.0241576060652732,0.5875017642974854,0.3406980037689209,-0.0376353450119495,0.4756898880004883,0.3355675935745239,0.0371324308216571,0.4280015826225281,0.352955549955368,0.0092930253595113,0.5651818513870239,0.2720696032047272,-0.133568063378334,0.434183806180954,0.2694562971591949,-0.0470720268785953,0.5314123630523682,0.5150365233421326,-0.0087862377986311,0.4904917478561401,0.5192060470581055,0.0087630469352006,0.5386890769004822,0.6555003523826599,-0.021384323015809,0.4876479506492615,0.6599664092063904,-0.0085660051554441,0.5502529740333557,0.7964668273925781,0.0715021416544914,0.4781895279884338,0.792231023311615,0.0813181102275848,0
175,0.5026947855949402,0.2774028778076172,-0.1192290112376213,0.5390773415565491,0.3360510766506195,0.0215282514691352,0.5868053436279297,0.3689200580120086,-0.0456639863550663,0.4758002460002899,0.3392225205898285,0.036424271762371,0.4279139637947082,0.3790705502033233,-0.0147849926725029,0.5693593621253967,0.3070194721221924,-0.1598551422357559,0.4305010139942169,0.3127216398715973,-0.1398243904113769,0.5312990546226501,0.5149782299995422,-0.0073612900450825,0.4906022250652313,0.5191078186035156,0.0072836750186979,0.538271963596344,0.6578025817871094,-0.0176357366144657,0.4876949489116668,0.6599775552749634,-0.0076618897728621,0.5502505898475647,0.7972440123558044,0.0805462822318077,0.4781832098960876,0.7922690510749817,0.0859017819166183,0
176,0.5028530955314636,0.2775600552558899,-0.1066919267177581,0.539519190788269,0.3393062651157379,0.0352054685354232,0.5843400359153748,0.3876346051692962,-0.0600812323391437,0.4762624204158783,0.3411321938037872,0.0419954471290111,0.4322892725467682,0.3973994553089142,-0.0339544899761676,0.5713444948196411,0.3415304720401764,-0.2345221042633056,0.4270741641521454,0.3573803603649139,-0.2126079052686691,0.5312674641609192,0.5149737596511841,-0.0045022433623671,0.4910220205783844,0.5191042423248291,0.0044175372458994,0.5379990339279175,0.6588139533996582,-0.0223706420511007,0.4876331984996795,0.6603678464889526,-0.0173498261719942,0.5501142740249634,0.7973672747612,0.0730406418442726,0.4782146215438843,0.7922828793525696,0.0709505975246429,0
177,0.5028928518295288,0.2777276933193207,-0.0938800126314163,0.5395117998123169,0.3397485017776489,0.0420315116643905,0.5727606415748596,0.4017603099346161,-0.0560978166759014,0.4762598276138305,0.3438822627067566,0.0586012825369834,0.4422065615653991,0.4052595794200897,-0.0038105833809822,0.574421226978302,0.3916331231594085,-0.2465829104185104,0.4280471205711365,0.3985061645507812,-0.1765899360179901,0.5311896204948425,0.5146794319152832,-0.0046680150553584,0.4911123514175415,0.5188037753105164,0.0046048439107835,0.537956178188324,0.6595104932785034,-0.0370222479104995,0.4876421988010406,0.6603682041168213,-0.03067840449512,0.5500113368034363,0.7975320219993591,0.0401103496551513,0.4782184362411499,0.7923166155815125,0.0429905280470848,0
178,0.5031119585037231,0.2785009741783142,-0.0989760383963584,0.5390791296958923,0.3392723500728607,0.0371699891984462,0.5622631311416626,0.3972716927528381,0.0806135237216949,0.4760852754116058,0.3447035551071167,0.0599152371287345,0.4518419504165649,0.4047364592552185,0.1095176637172699,0.5783454775810242,0.4352724552154541,0.0415549017488956,0.4303822219371795,0.436337411403656,0.0578134693205356,0.5311797261238098,0.5146515965461731,-0.005290116649121,0.4913167953491211,0.5187185406684875,0.0052491249516606,0.5379217267036438,0.6596445441246033,-0.0373203605413436,0.4876345098018646,0.6602632999420166,-0.0261643398553133,0.550000011920929,0.7975470423698425,0.0280954167246818,0.4782078862190246,0.7926744818687439,0.0397790819406509,0
179,0.5032198429107666,0.277906596660614,-0.2551074028015136,0.5390762090682983,0.339942991733551,-0.0724472776055336,0.5598304867744446,0.4122984707355499,0.0214379820972681,0.4760808944702148,0.3467892110347748,-0.0587932057678699,0.4537643492221832,0.4170316457748413,0.0580595172941684,0.5781559348106384,0.47287517786026,-0.0596176460385322,0.4375369846820831,0.4759440720081329,-0.0014418271603062,0.5314056277275085,0.5146440863609314,-0.0047618863172829,0.4920719265937805,0.5186867117881775,0.0047144358977675,0.5379188060760498,0.6602903008460999,-0.0340039990842342,0.4873822033405304,0.6618683934211731,-0.0246223136782646,0.5499645471572876,0.7975925803184509,0.04102124273777,0.478212296962738,0.7942559123039246,0.0558332689106464,0
180,0.5035573840141296,0.2773244082927704,-0.3222981989383697,0.5391801595687866,0.3430300056934356,-0.147675335407257,0.5563550591468811,0.4312964081764221,-0.0947042480111122,0.4752407371997833,0.3500621616840362,-0.1358428001403808,0.455254465341568,0.4325898587703705,-0.080755241215229,0.5758885145187378,0.5118845105171204,-0.1611073613166809,0.4441529214382171,0.5125167965888977,-0.144181340932846,0.5313217639923096,0.5155045390129089,-0.0030534805264323,0.4922203719615936,0.5190004110336304,0.0029605084564536,0.537940263748169,0.6602426767349243,-0.0328866131603717,0.4873819053173065,0.6612738370895386,-0.0243689976632595,0.5498775839805603,0.7970374822616577,0.0525643415749073,0.4782174229621887,0.7937045097351074,0.0775536447763443,0
181,0.5036324858665466,0.2754974067211151,-0.2756333351135254,0.5391692519187927,0.3434038460254669,-0.1098983287811279,0.5536990761756897,0.4359522759914398,-0.0611026547849178,0.4748102128505707,0.3519088327884674,-0.1117792874574661,0.4601378440856933,0.4429887235164642,-0.0682303011417388,0.5680781006813049,0.5197986960411072,-0.1261318624019622,0.4531536400318146,0.5308800339698792,-0.1269388198852539,0.5315564274787903,0.517288327217102,-0.0010378198930993,0.4927765130996704,0.5204061269760132,0.0008998286211863,0.53824383020401,0.6602311730384827,-0.030660655349493,0.4877767860889435,0.6613324880599976,-0.0233904849737882,0.5498839616775513,0.7969120740890503,0.0538691841065883,0.4782370626926422,0.7931900024414062,0.075275644659996,0
182,0.5042781829833984,0.2748733758926391,-0.2960748374462127,0.5392866730690002,0.3440352082252502,-0.1235528290271759,0.5512597560882568,0.4388802051544189,-0.071019746363163,0.4748603999614715,0.3516437709331512,-0.1245557963848114,0.4645819962024688,0.4414339959621429,-0.0784351974725723,0.560932457447052,0.5268915295600891,-0.1374097913503646,0.4614323079586029,0.5283350348472595,-0.1412866711616516,0.5315321087837219,0.5176101326942444,-0.0002230029494967,0.4928440749645233,0.520301878452301,8.962234278442338e-05,0.5382881164550781,0.6598902940750122,-0.0305210519582033,0.4877686202526092,0.661342442035675,-0.0251441169530153,0.5498954653739929,0.7963500618934631,0.0639828070998191,0.47807577252388,0.7926530241966248,0.082587257027626,0
183,0.5045479536056519,0.2728013694286346,-0.268373429775238,0.5396645665168762,0.3441545367240906,-0.0834683179855346,0.5499337911605835,0.4336825013160705,-0.0175877343863248,0.474681556224823,0.3501060009002685,-0.0957057178020477,0.4669519066810608,0.4373176097869873,-0.0429598875343799,0.5514463186264038,0.5223437547683716,-0.0814898908138275,0.470248132944107,0.5137916803359985,-0.0928105935454368,0.5322293639183044,0.5191857814788818,0.0022128901910036,0.492862731218338,0.5202983021736145,-0.002338130492717,0.538288414478302,0.6598783731460571,-0.0175393242388963,0.4878313839435577,0.6613900661468506,-0.0223120246082544,0.5499347448348999,0.7963146567344666,0.0850589051842689,0.4781558811664581,0.792927622795105,0.0853831246495246,0
184,0.5048511624336243,0.270618736743927,-0.2646140456199646,0.5395296812057495,0.3430183827877044,-0.0761404335498809,0.5484853386878967,0.4308364987373352,-0.0099120493978261,0.4742715656757355,0.3484432995319366,-0.0888690426945686,0.4680510461330414,0.4350200891494751,-0.014862005598843,0.5455261468887329,0.5071372985839844,-0.0622790083289146,0.4762040972709656,0.5052951574325562,-0.0285418331623077,0.5321948528289795,0.5187267661094666,0.0026673802640289,0.492857426404953,0.5203254818916321,-0.0027722674421966,0.5382517576217651,0.6577163338661194,-0.0144787253811955,0.4878262281417846,0.6594718098640442,-0.0186407435685396,0.5499343872070312,0.7960501313209534,0.0821741670370101,0.4781297743320465,0.7919124364852905,0.0852045342326164,0
185,0.5053219199180603,0.2687151432037353,-0.2463158816099167,0.5395274758338928,0.3425036370754242,-0.0674337148666381,0.5476983189582825,0.4298235476016998,-0.0005637280410155,0.4737982451915741,0.3466903865337372,-0.0857824832201004,0.468556672334671,0.4347149729728699,-0.0008980477578006,0.5437853932380676,0.5030301213264465,-0.0497709400951862,0.4803164303302765,0.5016615390777588,-0.004342564381659,0.5320864319801331,0.5188656449317932,0.0031481063924729,0.4927140772342682,0.5204586982727051,-0.003243321320042,0.5382482409477234,0.6576769351959229,-0.014365117996931,0.4877941012382507,0.6599411964416504,-0.0186589751392602,0.5499035716056824,0.7959304451942444,0.0870641097426414,0.4784543216228485,0.7919474840164185,0.0862071812152862,0
186,0.5054113864898682,0.2688530087471008,-0.2504418194293976,0.5395230650901794,0.3416522145271301,-0.0684126988053321,0.5470922589302063,0.4264197051525116,0.000655909825582,0.473567932844162,0.3457647264003753,-0.0870611816644668,0.4703752398490906,0.4343824684619903,0.0023338871542364,0.5420805811882019,0.5011593103408813,-0.039137415587902,0.4820953905582428,0.500182032585144,0.0088681867346167,0.5320772528648376,0.518907904624939,0.0033829982858151,0.4926995933055877,0.5206165313720703,-0.0034717458765953,0.5382627844810486,0.6583563089370728,-0.0139356991276144,0.4880873560905456,0.6608299612998962,-0.018131511285901,0.5499071478843689,0.7969798445701599,0.0890808552503585,0.4784890413284302,0.792137622833252,0.0875039994716644,0
187,0.5054395198822021,0.268949031829834,-0.2501799464225769,0.5394963026046753,0.3407956957817077,-0.0694538727402687,0.546889066696167,0.4241964817047119,-0.005806955974549,0.4732831120491028,0.3437303900718689,-0.0830949619412422,0.47041055560112,0.431782066822052,-0.0020052869804203,0.5421004891395569,0.5002855658531189,-0.0540002770721912,0.4817566871643066,0.4952934086322784,-0.0141525268554687,0.5320417881011963,0.5188666582107544,0.003244386287406,0.4926957488059997,0.5207412838935852,-0.0033150580711662,0.5382620692253113,0.65822833776474,-0.0144773861393332,0.4880429804325104,0.6615310311317444,-0.0179065391421318,0.5499028563499451,0.7969509363174438,0.0883799567818641,0.4785180985927582,0.7941287159919739,0.0849182978272438,0
188,0.5050193667411804,0.2686975002288818,-0.2624501883983612,0.5395609140396118,0.3407550156116485,-0.0806155875325203,0.5465220212936401,0.423921674489975,-0.0134810004383325,0.4732764959335327,0.3436794281005859,-0.092589221894741,0.4712586104869842,0.4323477149009704,-0.015073537826538,0.5433657169342041,0.5028976202011108,-0.066342607140541,0.4839624762535095,0.4992358684539795,-0.0253577418625354,0.5320705771446228,0.5185195207595825,0.0031718942336738,0.4927257001399994,0.5207165479660034,-0.0032433229498565,0.5382403135299683,0.6579549312591553,-0.0128063177689909,0.4880503416061401,0.6616962552070618,-0.0156629029661417,0.5499042272567749,0.7969398498535156,0.0865675657987594,0.4785271286964416,0.7949220538139343,0.0862449258565902,0
189,0.5048554539680481,0.2691424190998077,-0.2599554657936096,0.5395992398262024,0.3408515453338623,-0.0798553526401519,0.5470172762870789,0.423821210861206,-0.0130430813878774,0.4729527831077575,0.3439848721027374,-0.0911711156368255,0.4708754122257232,0.4323084652423858,-0.0141890225932002,0.5476589202880859,0.5042728781700134,-0.0688711106777191,0.4823114275932312,0.500436544418335,-0.0328816212713718,0.5321131348609924,0.5185225605964661,0.0028801998123526,0.4927347302436828,0.521080732345581,-0.002956765005365,0.5382135510444641,0.6580552458763123,-0.0130551857873797,0.4880451560020447,0.6621407270431519,-0.0150222424417734,0.549910843372345,0.796657383441925,0.0930204764008522,0.478526771068573,0.7948136329650879,0.094826653599739,0
190,0.5048603415489197,0.2706851959228515,-0.2686581909656524,0.5395466089248657,0.341836929321289,-0.0832899361848831,0.5481217503547668,0.4291667938232422,-0.0221628658473491,0.4729463160037994,0.344215840101242,-0.0920925587415695,0.4708048105239868,0.4335519969463348,-0.0295033380389213,0.5536646246910095,0.5152603387832642,-0.0900947973132133,0.4788029789924621,0.5043315887451172,-0.0792658179998397,0.5320702791213989,0.5191001296043396,0.0028278722893446,0.4927294552326202,0.5213966369628906,-0.0029054386541247,0.5382333397865295,0.6580386161804199,-0.0137396166101098,0.4880536198616028,0.6620804071426392,-0.0151306921616196,0.5499060153961182,0.7965365648269653,0.0929117277264595,0.4785293340682983,0.7930358648300171,0.0999358221888542,0
191,0.5048643350601196,0.2713296711444855,-0.2350221276283264,0.5397890210151672,0.3435399532318115,-0.059019636362791,0.5513786673545837,0.4317901134490967,-0.0078769801184535,0.4734968841075897,0.3453333079814911,-0.0826743468642234,0.4692004024982452,0.4363267123699188,-0.0421471185982227,0.5601472854614258,0.5173853635787964,-0.0889850333333015,0.4720064401626587,0.5079254508018494,-0.1081548109650611,0.5320912599563599,0.518975555896759,0.0038792737759649,0.4925776124000549,0.5212110280990601,-0.0039400653913617,0.5382612347602844,0.658044695854187,-0.0240551270544528,0.4880455434322357,0.6621045470237732,-0.0242902971804142,0.5498630404472351,0.7968475818634033,0.0578896924853324,0.478519469499588,0.7943330407142639,0.0652240738272667,0
192,0.5048621892929077,0.2719765305519104,-0.2761861383914947,0.5405835509300232,0.3461014032363891,-0.1027675718069076,0.5537528395652771,0.4394194185733795,-0.0493434555828571,0.4735346436500549,0.3462356328964233,-0.1181349754333496,0.4670975506305694,0.4432276785373688,-0.080612413585186,0.5624902248382568,0.5240320563316345,-0.1167568042874336,0.4667525291442871,0.5257587432861328,-0.1441013216972351,0.532028317451477,0.5194724798202515,0.0039088246412575,0.4925570487976074,0.521861732006073,-0.0039913970977067,0.5384565591812134,0.6595755219459534,-0.0227469969540834,0.488430917263031,0.6628022193908691,-0.0238956231623888,0.5498835444450378,0.797259509563446,0.0653821602463722,0.4784821569919586,0.7946991324424744,0.0721553340554237,0
193,0.5048119425773621,0.2736973762512207,-0.2697354257106781,0.5409336686134338,0.3486655056476593,-0.1018533632159233,0.5558727979660034,0.4401953220367431,-0.0503058470785617,0.4734871685504913,0.34807088971138,-0.1116076037287712,0.4639918208122253,0.4462020397186279,-0.0711666122078895,0.5658748745918274,0.5238661766052246,-0.1152609586715698,0.4615553617477417,0.5336504578590393,-0.1316567510366439,0.5318425297737122,0.5205838680267334,0.0037014153786003,0.492310881614685,0.5231905579566956,-0.0038036736659705,0.5387204885482788,0.6608583927154541,-0.0221210587769746,0.4884511530399322,0.6631562113761902,-0.0237726904451847,0.5499677062034607,0.7984657883644104,0.0546400547027587,0.4784821271896362,0.794775664806366,0.0656307861208915,0
194,0.5047633647918701,0.2751657366752624,-0.2679193913936615,0.540971577167511,0.3491955399513244,-0.1017790287733078,0.5565874576568604,0.4400335550308227,-0.0515801198780536,0.4734959900379181,0.3488501012325287,-0.1087715998291969,0.4619217216968536,0.4456012547016144,-0.0672669485211372,0.5670350790023804,0.5210804343223572,-0.1169719323515892,0.4567665159702301,0.5319185256958008,-0.1267279684543609,0.5319992899894714,0.5197359323501587,0.0033542390447109,0.4924031496047973,0.5230538249015808,-0.0034647113643586,0.5388143062591553,0.6591684818267822,-0.0234285201877355,0.4884531795978546,0.6626315712928772,-0.0209469273686409,0.5500127673149109,0.7985352277755737,0.0417980179190635,0.4784845113754272,0.7945670485496521,0.0597393363714218,0
195,0.5045768618583679,0.2752287685871124,-0.267185240983963,0.5409713983535767,0.34893798828125,-0.102160558104515,0.5573843717575073,0.4361651241779327,-0.0579137951135635,0.4735284745693207,0.3487511277198791,-0.1002732813358306,0.4598792791366577,0.4414840042591095,-0.0576549507677555,0.5681933164596558,0.5099319815635681,-0.1362959891557693,0.4527353048324585,0.5308387279510498,-0.1209595128893852,0.5320358872413635,0.5193037986755371,0.0009319781675003,0.4928674399852752,0.5230122804641724,-0.0010400561150163,0.5388305187225342,0.6590364575386047,-0.0284911673516035,0.4883522093296051,0.6626406908035278,-0.0231469683349132,0.5500170588493347,0.7975005507469177,0.0471817143261432,0.478388249874115,0.7940470576286316,0.0627729222178459,0
196,0.5045739412307739,0.2755867838859558,-0.27808278799057,0.5409888029098511,0.3488599359989166,-0.10140922665596,0.5574289560317993,0.4295513033866882,-0.0359951071441173,0.4738728106021881,0.34834885597229,-0.0955300852656364,0.459282785654068,0.4332010746002197,-0.0320349037647247,0.569163978099823,0.5016629695892334,-0.1048823595046997,0.4497782289981842,0.5119099020957947,-0.0927182361483573,0.5320360064506531,0.5191143751144409,0.0003312928893137,0.4932596981525421,0.5229573249816895,-0.0004414801078382,0.5388649702072144,0.659089982509613,-0.0282581150531768,0.4883697628974914,0.662632942199707,-0.024993922561407,0.5499747395515442,0.7971279621124268,0.0602225214242935,0.4783104360103607,0.7930254936218262,0.0799918994307518,0
197,0.5045826435089111,0.2760140001773834,-0.25616654753685,0.54121333360672,0.3477622866630554,-0.0785855799913406,0.5573922991752625,0.4232597351074219,-0.0027676546014845,0.4745223224163055,0.3474443256855011,-0.0716358944773674,0.45843705534935,0.4270877838134765,0.003095380263403,0.5684833526611328,0.4865978062152862,-0.0501216389238834,0.4477193653583526,0.497344970703125,-0.0411180667579174,0.5321915149688721,0.5192628502845764,-0.0005750997224822,0.4938549995422363,0.5229417681694031,0.0004681409918703,0.5388685464859009,0.6592824459075928,-0.0281555019319057,0.4883782565593719,0.6626218557357788,-0.0242723394185304,0.5499546527862549,0.7971133589744568,0.0670021474361419,0.4782580137252807,0.79259192943573,0.0811893716454505,0
198,0.5047286152839661,0.2766718864440918,-0.2148673832416534,0.541202187538147,0.346299946308136,-0.0478325858712196,0.5573779940605164,0.4142101109027862,0.0462826937437057,0.47487273812294,0.346314787864685,-0.0326935723423957,0.4581075012683868,0.4176732301712036,0.0628020167350769,0.5683804154396057,0.4734354317188263,0.0362268239259719,0.4471625685691833,0.4785129725933075,0.0485668592154979,0.5324799418449402,0.5192598700523376,-0.0028321826830506,0.4942589402198791,0.5229612588882446,0.0027372806798666,0.5388410687446594,0.6592837572097778,-0.0278567504137754,0.4883334338665008,0.6629199385643005,-0.0231990944594144,0.5499473214149475,0.7971588969230652,0.0658474788069725,0.4782560765743255,0.7923411130905151,0.0786825865507125,0
